2017 1 1
3580 2 1
1767 3 1
28 3 1
1657 4 1
1767 5 1
1928 6 1
3580 7 1
4247 7 1
28 7 1
3580 8 1
27 8 1
3788 8 1
3788 9 1
27 9 1
28 10 1
2141 10 1
2985 10 1
27 11 1
3788 11 1
1767 12 1
4233 12 1
1767 13 1
1767 14 1
2778 14 1
3795 14 1
1767 15 1
2778 15 1
3795 15 1
4233 15 1
3694 16 1
2778 17 1
1767 17 1
3795 17 1
2985 18 1
27 19 1
4514 19 1
2020 20 1
3690 21 1
4514 21 1
1985 21 1
3408 21 1
1985 22 1
4514 22 1
3690 22 1
1985 23 1
2326 24 1
4514 24 1
3690 24 1
3690 25 1
3803 25 1
4269 26 1
27 32 1
27 2726 1
27 1533 1
27 3788 1
27 34 1
27 46 1
1767 27 1
27 3789 1
27 44 1
27 28 1
27 43 1
27 3934 1
28 3788 1
28 2816 1
28 2766 1
28 1651 1
28 40 1
28 30 1
28 29 1
28 46 1
28 32 1
28 1709 1
28 3789 1
28 2817 1
28 4335 1
3580 29 1
3788 29 1
1767 31 1
3788 32 1
1767 33 1
1767 35 1
2778 35 1
4514 36 1
4514 37 1
915 37 1
3690 38 1
1767 39 1
2778 39 1
1767 41 1
1667 41 1
2572 41 1
1767 42 1
3580 44 1
3788 44 1
4514 44 1
4514 45 1
3788 46 1
3580 46 1
4223 47 1
1928 48 1
4223 49 1
1657 49 1
4514 50 1
4223 51 1
1657 51 1
4223 52 1
1657 52 1
4223 53 1
1657 53 1
4223 54 1
4223 55 1
4223 56 1
1657 56 1
4514 57 1
1657 58 1
1657 59 1
4178 60 1
4128 61 1
4128 62 1
2457 62 1
2979 62 1
4178 63 1
3131 64 1
4355 65 1
4178 66 1
1767 67 1
2000 68 1
1680 68 1
1992 69 1
3537 69 1
1680 70 1
2199 71 1
72 3825 1
2017 73 1
2016 73 1
1457 74 1
1070 75 1
2547 76 1
3015 77 1
2534 78 1
2534 79 1
80 252 1
80 462 1
1752 81 1
2867 82 1
2508 83 1
1767 84 1
2517 85 1
2134 86 1
1127 87 1
2771 88 1
1434 89 1
772 90 1
1069 91 1
2017 92 1
2087 93 1
94 1743 1
122 94 1
3551 94 1
94 2429 1
95 1173 1
95 589 1
95 387 1
95 360 1
95 1986 1
95 2304 1
95 4007 1
95 1331 1
95 2066 1
95 3603 1
95 4073 1
95 2412 1
95 3521 1
2330 96 1
2016 97 1
2929 98 1
1583 99 1
1979 100 1
1985 100 1
250 101 1
102 2955 1
102 2341 1
102 2912 1
102 2850 1
102 1989 1
102 2443 1
102 929 1
339 103 1
2849 104 1
1296 105 1
2867 106 1
4249 107 1
2577 108 1
2122 109 1
4480 110 1
3407 111 1
2102 111 1
112 2122 1
3879 113 1
2019 113 1
2020 113 1
2943 114 1
418 115 1
1069 115 1
574 116 1
117 269 1
117 118 1
117 1186 1
117 3124 1
117 483 1
117 254 1
117 1979 1
117 935 1
117 3701 1
117 2606 1
117 2889 1
117 2607 1
175 117 1
4168 118 1
4168 119 1
2893 120 1
2458 121 1
122 3743 1
122 1124 1
122 1034 1
122 1477 1
122 1282 1
3228 122 1
122 2470 1
122 916 1
122 2926 1
122 1407 1
122 2668 1
122 1307 1
122 1238 1
122 2974 1
122 1373 1
122 1166 1
2986 123 1
2848 124 1
1985 124 1
3042 125 1
1841 126 1
3268 127 1
1985 128 1
2985 129 1
3407 130 1
130 1429 1
3408 130 1
130 2316 1
1928 130 1
4416 130 1
130 172 1
633 131 1
277 132 1
1342 132 1
390 133 1
574 133 1
3545 134 1
1512 135 1
3720 136 1
4052 137 1
376 138 1
1929 139 1
3408 140 1
141 3181 1
2849 142 1
2848 142 1
2643 142 1
2642 142 1
1985 143 1
2631 144 1
2632 144 1
825 145 1
2979 146 1
2632 147 1
2631 147 1
2017 148 1
149 3245 1
2642 150 1
1680 150 1
2848 150 1
1797 151 1
3268 151 1
1797 152 1
2706 153 1
2102 154 1
2036 155 1
1050 156 1
633 156 1
620 157 1
2985 157 1
619 157 1
573 157 1
2458 157 1
2979 157 1
4085 158 1
2985 159 1
619 160 1
620 160 1
620 161 1
619 161 1
3408 162 1
895 163 1
2166 163 1
4085 164 1
1069 165 1
4015 166 1
2283 167 1
917 167 1
1864 168 1
3407 169 1
3407 170 1
3241 171 1
1360 172 1
1019 172 1
174 173 1
4110 175 1
175 3298 1
176 4283 1
176 4282 1
176 4281 1
176 4280 1
176 4279 1
176 4278 1
176 4277 1
176 4276 1
176 4275 1
176 4274 1
176 4273 1
176 4271 1
176 4270 1
176 4267 1
176 4266 1
176 4265 1
176 4264 1
176 3473 1
176 4272 1
176 2061 1
176 3460 1
176 3469 1
176 2062 1
176 1486 1
176 3472 1
176 2064 1
176 2832 1
176 3468 1
176 4269 1
176 1726 1
176 3458 1
3076 177 1
4399 178 1
179 3340 1
4085 180 1
1255 181 1
633 182 1
1767 183 1
2020 184 1
185 4304 1
186 443 1
3408 187 1
188 1408 1
188 2652 1
4178 189 1
190 3097 1
190 191 1
376 190 1
966 192 1
1359 193 1
194 882 1
194 2409 1
194 3228 1
194 2011 1
194 2435 1
194 4080 1
1202 195 1
1985 196 1
1985 197 1
2571 198 1
1360 199 1
200 3493 1
200 2876 1
1929 201 1
3241 202 1
2517 203 1
1624 204 1
205 1846 1
2862 206 1
207 1225 1
207 2086 1
207 278 1
207 1038 1
207 465 1
2383 208 1
208 3487 1
208 663 1
208 3348 1
2642 209 1
2925 209 1
2643 209 1
3413 210 1
211 1798 1
1019 212 1
3580 213 1
4015 213 1
2990 214 1
2166 215 1
216 2177 1
216 1783 1
216 1498 1
1928 216 1
216 2511 1
1841 217 1
1767 218 1
1050 219 1
633 219 1
2000 219 1
2985 220 1
2122 221 1
2642 222 1
3602 223 1
1864 224 1
1735 225 1
226 2903 1
226 2079 1
226 2662 1
1121 226 1
3118 227 1
1728 227 1
890 228 1
1859 229 1
230 1285 1
231 904 1
1626 232 1
2986 233 1
3795 234 1
3408 235 1
2986 235 1
3407 235 1
4395 236 1
3029 237 1
3027 238 1
4249 239 1
1427 240 1
241 2330 1
441 242 1
1767 242 1
403 243 1
244 4304 1
2652 245 1
4450 246 1
2577 247 1
2849 247 1
2985 247 1
3562 248 1
1069 248 1
2642 249 1
250 2962 1
250 2359 1
250 3431 1
251 895 1
2533 253 1
1985 254 1
2181 254 1
4411 255 1
256 352 1
256 3987 1
256 925 1
256 456 1
256 3990 1
256 565 1
256 4521 1
256 3224 1
256 2203 1
256 1164 1
256 3421 1
256 2640 1
342 257 1
4091 258 1
3408 259 1
4309 259 1
890 260 1
1859 260 1
1433 261 1
2134 262 1
1069 263 1
2641 264 1
2103 265 1
3012 266 1
1342 266 1
3042 267 1
3915 268 1
4015 270 1
2041 271 1
438 271 1
479 272 1
1286 273 1
4148 274 1
4148 275 1
4118 276 1
1342 277 1
355 279 1
4150 279 1
4399 280 1
2055 281 1
282 2144 1
3631 283 1
428 284 1
1981 285 1
413 286 1
1230 287 1
3194 288 1
2017 289 1
2986 290 1
772 291 1
798 291 1
2433 292 1
2985 293 1
293 2300 1
3260 294 1
2867 295 1
609 296 1
3004 297 1
3408 298 1
2929 299 1
1797 299 1
4178 299 1
2461 300 1
855 301 1
2000 301 1
2360 302 1
2017 302 1
3413 303 1
304 3306 1
305 1120 1
305 563 1
305 2419 1
305 324 1
306 2454 1
306 1763 1
2985 307 1
2441 308 1
3004 309 1
3208 309 1
2199 310 1
2404 311 1
1131 312 1
2848 313 1
313 1995 1
415 314 1
2534 315 1
2533 315 1
4478 316 1
694 317 1
4015 318 1
2289 319 1
620 320 1
3269 321 1
3408 321 1
3407 321 1
2020 322 1
2534 322 1
2533 322 1
2019 322 1
2106 323 1
1985 324 1
1069 325 1
2533 326 1
2020 326 1
3413 327 1
739 327 1
1768 328 1
1767 328 1
1864 329 1
3396 329 1
2421 330 1
1127 331 1
2016 332 1
694 333 1
334 335 1
4168 336 1
2691 337 1
2669 338 1
339 2676 1
4007 339 1
2681 340 1
354 340 1
2533 340 1
2534 340 1
376 341 1
342 1049 1
342 2596 1
2652 343 1
4414 344 1
2457 345 1
346 1765 1
346 2334 1
347 895 1
347 2961 1
347 1425 1
347 1934 1
2358 348 1
2017 349 1
2893 350 1
351 364 1
1901 353 1
354 1694 1
3118 354 1
355 1976 1
355 441 1
355 4476 1
355 2365 1
355 3209 1
2947 356 1
2985 357 1
1859 358 1
1190 359 1
361 4051 1
361 4396 1
2627 362 1
3520 363 1
365 3777 1
365 1924 1
365 1243 1
365 2418 1
927 366 1
367 3221 1
367 3132 1
367 1825 1
367 2018 1
367 3757 1
2986 368 1
3202 368 1
2643 369 1
2534 370 1
2534 371 1
1979 372 1
3139 372 1
1979 373 1
374 4158 1
374 1916 1
374 430 1
937 375 1
2102 375 1
1928 375 1
376 476 1
376 987 1
376 4114 1
376 667 1
376 1811 1
376 632 1
376 1335 1
376 3914 1
3407 376 1
376 3859 1
376 3421 1
376 2914 1
376 4161 1
376 4088 1
376 1998 1
376 1116 1
376 474 1
2055 377 1
578 378 1
1901 379 1
380 4038 1
2021 380 1
1331 381 1
2458 382 1
2433 383 1
1985 384 1
1985 385 1
2953 386 1
1985 388 1
2986 389 1
390 2000 1
390 888 1
390 3617 1
390 3679 1
390 1537 1
391 2307 1
391 3259 1
391 951 1
391 4393 1
391 4202 1
391 2509 1
391 607 1
2849 392 1
3546 393 1
2017 394 1
1797 395 1
2642 396 1
397 3264 1
397 3011 1
397 1922 1
397 1148 1
2483 398 1
2849 399 1
400 401 1
400 3389 1
400 583 1
2102 402 1
403 2411 1
4110 404 1
1751 405 1
1860 406 1
633 407 1
1905 408 1
3228 409 1
410 868 1
410 3020 1
4067 411 1
3847 411 1
4091 412 1
4090 412 1
413 919 1
413 3486 1
4090 414 1
2985 414 1
4091 414 1
4091 415 1
415 1420 1
4090 415 1
416 1458 1
3720 417 1
418 1073 1
418 1319 1
2572 419 1
2134 420 1
2017 421 1
1300 421 1
1291 422 1
3545 423 1
4033 424 1
1767 424 1
2016 425 1
4399 425 1
633 426 1
427 2441 1
427 3613 1
427 4055 1
427 4168 1
427 3512 1
427 1286 1
428 621 1
428 2435 1
428 1976 1
1985 429 1
1157 430 1
1985 431 1
1984 431 1
4140 432 1
3408 433 1
1767 434 1
1841 435 1
436 1444 1
436 1893 1
2985 437 1
2572 437 1
438 1973 1
438 2279 1
438 1263 1
438 1403 1
438 3039 1
438 4465 1
438 2028 1
438 3075 1
438 501 1
1230 439 1
4091 439 1
1744 440 1
441 2841 1
441 3720 1
441 2558 1
441 609 1
441 4422 1
3812 442 1
2181 442 1
2573 444 1
2777 445 1
2016 446 1
1231 446 1
2642 447 1
2016 448 1
2572 448 1
1767 448 1
1768 448 1
2573 448 1
2017 448 1
449 450 1
449 2255 1
2016 451 1
2017 451 1
1768 451 1
1767 451 1
1230 451 1
2016 452 1
2017 452 1
2016 453 1
2017 453 1
2103 454 1
1768 454 1
2103 455 1
2026 457 1
2542 458 1
459 2401 1
2265 460 1
1864 461 1
1797 463 1
464 1121 1
464 1787 1
3268 465 1
2534 466 1
4015 467 1
3118 468 1
469 4183 1
2985 469 1
1117 470 1
604 471 1
4067 472 1
3004 473 1
1131 475 1
3268 477 1
4015 478 1
3004 479 1
3407 480 1
1020 481 1
1984 482 1
1929 484 1
485 3482 1
1157 486 1
487 4415 1
487 488 1
487 2554 1
487 1262 1
487 1046 1
487 3600 1
487 1852 1
487 707 1
487 1224 1
487 4409 1
2848 488 1
2849 488 1
2021 489 1
943 490 1
3407 490 1
1767 491 1
1768 491 1
2433 492 1
492 2314 1
492 2661 1
492 4477 1
492 2296 1
2991 493 1
2979 494 1
2457 494 1
2458 494 1
515 495 1
2573 496 1
1069 497 1
1860 498 1
2283 499 1
500 3119 1
2994 502 1
502 3676 1
3408 503 1
1000 503 1
2016 504 1
2849 505 1
2848 505 1
2534 506 1
2266 507 1
2001 508 1
508 4498 1
2985 509 1
2533 510 1
2000 511 1
2849 512 1
2016 512 1
513 1745 1
513 943 1
614 513 1
2017 514 1
515 926 1
515 630 1
515 3214 1
515 1053 1
515 4044 1
515 859 1
515 1206 1
1767 516 1
517 1583 1
517 591 1
517 881 1
517 3660 1
517 3035 1
1767 518 1
2642 518 1
2251 519 1
1928 520 1
3545 521 1
2937 522 1
742 522 1
1706 522 1
742 523 1
524 3084 1
524 3448 1
524 4145 1
555 525 1
1859 525 1
2106 526 1
2017 527 1
2017 528 1
1841 529 1
4085 530 1
531 2330 1
1985 532 1
2943 533 1
2943 534 1
535 4441 1
535 3404 1
535 3197 1
4030 536 1
1318 537 1
569 538 1
2771 539 1
1885 540 1
937 541 1
542 3518 1
542 1345 1
1841 543 1
1767 543 1
2572 544 1
2572 545 1
2573 545 1
811 546 1
2017 547 1
2266 548 1
2331 548 1
549 3272 1
2666 550 1
1752 551 1
633 552 1
750 553 1
877 554 1
555 775 1
555 1007 1
555 2579 1
555 1572 1
555 1264 1
555 1273 1
555 2477 1
555 2263 1
555 1029 1
555 2598 1
556 723 1
556 2671 1
556 3748 1
1985 557 1
2001 557 1
3553 558 1
1480 558 1
1985 559 1
1985 560 1
2971 561 1
2000 562 1
2849 562 1
2643 562 1
2848 562 1
3248 563 1
2979 563 1
4118 564 1
2985 565 1
2986 565 1
845 566 1
2458 567 1
2042 568 1
569 4448 1
569 1176 1
569 864 1
569 2977 1
569 3610 1
569 1583 1
569 1306 1
569 3444 1
569 3172 1
569 572 1
569 3831 1
1342 570 1
2122 571 1
573 3319 1
573 2195 1
573 1741 1
573 1288 1
1181 573 1
573 3731 1
3408 574 1
574 1737 1
574 1736 1
574 1432 1
1181 575 1
3172 576 1
1019 577 1
578 1427 1
578 2410 1
578 954 1
578 1246 1
578 3642 1
578 2394 1
578 1312 1
1928 579 1
580 2340 1
580 1172 1
1928 581 1
2643 581 1
801 582 1
2001 584 1
1985 584 1
890 585 1
2001 585 1
2000 585 1
586 3239 1
586 3508 1
2000 586 1
2985 587 1
2000 587 1
4150 588 1
2848 590 1
591 1845 1
591 939 1
591 1842 1
2517 592 1
593 2731 1
593 1195 1
2331 593 1
593 3190 1
1156 594 1
903 595 1
917 596 1
2392 596 1
620 597 1
619 597 1
2265 598 1
2265 599 1
619 600 1
1768 601 1
2986 602 1
619 603 1
620 603 1
604 4156 1
604 1677 1
604 1622 1
2533 605 1
2849 605 1
2265 606 1
2986 607 1
2867 607 1
1768 608 1
609 613 1
609 2858 1
1178 610 1
1192 611 1
3629 612 1
614 4030 1
614 1017 1
614 2998 1
4452 615 1
3076 615 1
1768 616 1
2534 616 1
3408 617 1
2985 618 1
1551 618 1
1981 618 1
619 3725 1
619 3556 1
619 1203 1
619 701 1
619 2137 1
619 3554 1
619 4569 1
619 4566 1
619 2397 1
619 3508 1
619 3216 1
619 3426 1
619 1759 1
619 4567 1
619 2956 1
619 2901 1
619 2646 1
619 4463 1
619 1710 1
620 701 1
620 3685 1
620 637 1
620 2956 1
621 3180 1
621 3313 1
621 3594 1
621 4443 1
621 1413 1
3118 622 1
1859 623 1
3413 624 1
1859 625 1
1859 626 1
1583 627 1
633 628 1
3118 629 1
1728 629 1
2985 631 1
2966 631 1
633 3847 1
633 2106 1
633 2634 1
633 2439 1
633 2399 1
633 1938 1
633 1878 1
633 1188 1
633 3271 1
633 2379 1
633 2109 1
633 1898 1
633 1159 1
633 993 1
633 2877 1
633 4087 1
633 3236 1
633 2629 1
633 3821 1
633 2616 1
633 3766 1
633 1050 1
633 3856 1
633 1241 1
633 863 1
633 2584 1
633 2427 1
633 4157 1
633 2324 1
633 3539 1
633 1880 1
2849 633 1
633 4151 1
2433 634 1
3423 635 1
2517 636 1
917 636 1
3545 637 1
4425 638 1
1213 639 1
1985 640 1
3812 641 1
3605 642 1
2849 643 1
1768 643 1
1767 643 1
2106 644 1
1000 645 1
2265 646 1
1928 647 1
1767 648 1
2572 648 1
2573 648 1
649 961 1
649 1966 1
649 2942 1
649 1037 1
2985 650 1
1551 650 1
2792 650 1
2929 651 1
2929 652 1
2711 653 1
654 714 1
1215 655 1
659 656 1
659 657 1
2017 657 1
2631 657 1
659 658 1
659 1315 1
659 1275 1
2979 659 1
2001 660 1
720 661 1
2199 661 1
1680 662 1
1118 662 1
4091 664 1
665 4092 1
739 665 1
2643 666 1
2642 666 1
1928 668 1
1929 668 1
668 1028 1
4167 669 1
1905 670 1
3545 670 1
1929 671 1
1928 671 1
672 1601 1
672 3031 1
672 4363 1
672 2071 1
1928 673 1
1929 673 1
2943 674 1
2695 675 1
675 3441 1
1657 676 1
3690 676 1
4223 677 1
1663 677 1
1657 678 1
1657 679 1
1657 680 1
691 680 1
1657 681 1
1657 682 1
2020 683 1
2642 683 1
1657 684 1
2849 684 1
1657 685 1
3545 686 1
1657 687 1
4223 687 1
1657 688 1
4223 688 1
1767 689 1
1657 690 1
4223 690 1
2632 692 1
693 1439 1
694 4512 1
694 1254 1
2539 695 1
4091 695 1
2533 696 1
2533 697 1
3720 698 1
2534 699 1
3131 700 1
2534 701 1
702 701 1
1019 701 1
3015 703 1
704 3598 1
704 3526 1
704 4434 1
1310 705 1
2283 706 1
2929 708 1
1230 709 1
1231 709 1
1928 709 1
3402 710 1
711 2383 1
711 3704 1
711 1500 1
711 1719 1
711 2736 1
711 1501 1
2534 712 1
3402 713 1
1070 713 1
1230 715 1
1304 716 1
2572 717 1
1181 718 1
719 4018 1
719 3427 1
719 3121 1
719 1260 1
720 3677 1
1583 721 1
1070 721 1
722 3320 1
722 4586 1
722 3395 1
722 1593 1
722 3953 1
722 1609 1
722 1497 1
3464 722 1
722 1552 1
722 967 1
722 2712 1
722 3342 1
722 3974 1
722 3629 1
722 2329 1
2265 723 1
2017 723 1
724 1313 1
2017 724 1
3268 725 1
2848 726 1
2849 726 1
4223 727 1
2534 727 1
4476 728 1
3407 729 1
1069 730 1
730 3749 1
731 3875 1
731 1368 1
731 3038 1
731 2574 1
731 1469 1
731 3759 1
731 4483 1
731 4100 1
731 1459 1
731 3592 1
731 3130 1
731 2130 1
731 2951 1
731 3900 1
731 3864 1
731 3045 1
731 2450 1
731 4391 1
731 2954 1
731 2787 1
731 4446 1
731 2861 1
731 1265 1
731 753 1
731 4198 1
731 1991 1
3297 732 1
2457 732 1
2199 733 1
2199 734 1
2001 735 1
735 3506 1
1841 736 1
1928 736 1
2643 736 1
3408 736 1
2642 736 1
3521 737 1
2848 738 1
2849 738 1
1905 739 1
2937 740 1
1706 740 1
2937 741 1
1706 741 1
742 4105 1
742 1693 1
742 940 1
742 3093 1
742 4001 1
2534 742 1
1562 743 1
744 2917 1
2383 745 1
2517 745 1
4424 746 1
2937 747 1
1706 747 1
2032 747 1
3408 748 1
4460 749 1
750 1531 1
750 4545 1
750 2371 1
750 2697 1
750 3729 1
750 1337 1
751 4039 1
751 2447 1
751 3894 1
751 3784 1
751 3903 1
751 3080 1
751 2370 1
1985 752 1
3408 754 1
1767 755 1
756 4070 1
756 1185 1
756 4037 1
756 2116 1
756 4497 1
3545 756 1
1841 757 1
4514 758 1
4514 759 1
1767 760 1
2166 761 1
4128 762 1
2778 763 1
2979 764 1
4478 765 1
766 2236 1
4029 767 1
2507 767 1
2533 768 1
769 3580 1
769 4337 1
769 4231 1
769 3932 1
1767 770 1
1657 771 1
772 1972 1
772 4033 1
772 921 1
772 4365 1
772 866 1
772 1604 1
772 1356 1
772 1920 1
772 4364 1
1767 773 1
3408 774 1
2001 775 1
2017 776 1
1230 777 1
1231 777 1
2643 778 1
4029 779 1
2017 780 1
2283 781 1
4181 782 1
2848 783 1
2017 783 1
1519 784 1
2737 785 1
3015 786 1
3812 787 1
789 788 1
2017 788 1
2016 789 1
789 790 1
2572 789 1
789 3719 1
2642 790 1
2642 791 1
1512 792 1
2166 793 1
3323 794 1
3323 795 1
1859 795 1
796 3320 1
796 3373 1
796 1565 1
796 1552 1
3464 796 1
796 3021 1
796 2002 1
3545 797 1
3085 798 1
1985 798 1
799 4359 1
2383 799 1
799 1364 1
799 1525 1
2152 800 1
1929 800 1
2461 800 1
801 802 1
801 941 1
801 1505 1
801 3397 1
801 2580 1
2573 801 1
3413 803 1
2017 804 1
3810 804 1
1985 805 1
3408 806 1
2166 807 1
4249 808 1
2771 808 1
3407 809 1
3408 809 1
4269 810 1
1860 811 1
811 812 1
811 1472 1
811 2592 1
3735 813 1
3254 814 1
2642 814 1
1117 814 1
2166 815 1
816 2792 1
1270 817 1
1201 818 1
1905 819 1
1767 820 1
2533 820 1
2534 820 1
2534 821 1
2533 821 1
822 4103 1
822 2378 1
2979 823 1
2929 823 1
825 824 1
825 2342 1
825 2283 1
825 1567 1
825 2931 1
4113 825 1
825 2384 1
825 1568 1
2632 826 1
2017 826 1
2631 827 1
1069 827 1
915 828 1
2971 829 1
2642 830 1
2457 831 1
2458 831 1
2979 831 1
1422 832 1
2642 833 1
2979 833 1
2458 833 1
1230 833 1
2643 833 1
2573 833 1
2572 833 1
834 3853 1
2572 835 1
1230 835 1
2642 836 1
2979 836 1
2643 836 1
2979 837 1
1230 838 1
2643 839 1
1360 840 1
1728 841 1
3015 842 1
1985 842 1
1928 843 1
2000 844 1
2985 846 1
2986 846 1
2433 847 1
848 3230 1
3928 849 1
2979 850 1
3464 851 1
2001 852 1
1657 853 1
2995 854 1
1885 855 1
855 2721 1
855 3445 1
4486 856 1
856 3945 1
2518 857 1
2016 858 1
4495 859 1
2848 860 1
2541 861 1
4113 862 1
864 3069 1
3690 864 1
1984 865 1
2985 867 1
2986 867 1
1864 869 1
3407 870 1
2480 871 1
871 3302 1
2659 871 1
872 1326 1
872 3794 1
872 3736 1
872 3981 1
873 2354 1
2102 873 1
2036 874 1
2000 875 1
1992 876 1
877 3135 1
877 1093 1
2458 878 1
1985 879 1
1984 879 1
1583 880 1
3553 881 1
1728 883 1
2946 884 1
2986 885 1
886 4403 1
886 1780 1
2534 887 1
1000 888 1
1680 889 1
4194 889 1
890 1450 1
890 1068 1
4072 890 1
890 2686 1
1985 891 1
1566 892 1
1304 893 1
3118 894 1
895 1226 1
895 3324 1
1657 896 1
4148 897 1
1804 897 1
2752 897 1
1657 898 1
1657 899 1
2689 900 1
2689 901 1
2458 902 1
903 1085 1
903 1496 1
905 4095 1
905 3522 1
905 1460 1
905 3523 1
906 4017 1
1984 907 1
3407 908 1
1077 909 1
910 2981 1
910 3827 1
2029 911 1
3267 911 1
1767 912 1
913 1897 1
1768 914 1
915 4005 1
915 3096 1
915 4492 1
915 2716 1
2849 915 1
917 2790 1
917 2743 1
917 1650 1
917 2791 1
917 2718 1
918 1935 1
918 1447 1
918 4444 1
918 2570 1
918 3654 1
919 3874 1
920 4324 1
4418 922 1
1304 923 1
2985 924 1
2000 926 1
2323 927 1
927 2856 1
1859 928 1
2533 930 1
2534 930 1
2122 931 1
2534 932 1
2533 933 1
2534 933 1
1953 934 1
4397 936 1
937 2976 1
937 3244 1
3835 938 1
2985 940 1
1551 940 1
1860 941 1
1859 942 1
3546 943 1
943 1182 1
943 2382 1
943 3566 1
943 972 1
2458 944 1
2986 945 1
2985 946 1
2775 947 1
2266 948 1
4309 949 1
3408 949 1
4015 950 1
3194 951 1
2134 952 1
3847 953 1
3139 953 1
4178 955 1
1797 955 1
3847 956 1
2568 957 1
1201 957 1
3131 958 1
2021 958 1
2985 959 1
960 4293 1
960 3915 1
966 962 1
966 963 1
966 964 1
966 965 1
2666 966 1
1583 967 1
2001 968 1
4178 969 1
3765 970 1
2103 971 1
2102 971 1
2979 972 1
2102 972 1
2103 972 1
973 3746 1
973 3006 1
2289 974 1
2289 975 1
2265 976 1
2103 977 1
3268 978 1
2848 979 1
1728 980 1
3118 980 1
981 3663 1
3118 982 1
2643 983 1
2041 984 1
2631 985 1
2642 985 1
1366 986 1
987 2963 1
988 1727 1
2351 989 1
2848 990 1
991 3699 1
991 1417 1
1923 992 1
1985 992 1
2691 993 1
1928 993 1
2323 994 1
3788 995 1
2533 996 1
3408 997 1
1593 998 1
4460 999 1
1000 1775 1
1000 2026 1
1000 1980 1
1000 1913 1
1000 3614 1
3268 1001 1
2792 1002 1
1911 1003 1
1003 2514 1
2019 1004 1
1767 1005 1
1006 1639 1
2017 1008 1
1009 1008 1
1009 1320 1
1009 2796 1
1009 4552 1
2017 1010 1
1011 3695 1
1020 1011 1
2028 1012 1
3191 1013 1
2283 1014 1
1984 1014 1
2971 1015 1
1015 1879 1
2971 1016 1
3408 1018 1
1019 3420 1
1019 2682 1
1019 1201 1
1019 1154 1
1019 2959 1
3309 1019 1
1019 3541 1
1019 4043 1
1019 2520 1
1019 1528 1
1019 2946 1
1019 3871 1
1019 3650 1
1019 2587 1
1019 3017 1
1019 1396 1
1019 4580 1
1019 3537 1
1019 2708 1
1019 1647 1
1019 1323 1
1019 1041 1
1020 4473 1
1020 2191 1
1020 4289 1
1020 3985 1
1020 4432 1
1020 3540 1
1020 3845 1
1020 2682 1
1020 1994 1
1020 4372 1
1020 3753 1
1020 4580 1
1020 2820 1
1020 2188 1
1020 1648 1
1020 4291 1
1020 3747 1
1020 1885 1
1020 3979 1
1020 3775 1
1020 1676 1
1020 4394 1
1020 3984 1
1020 3382 1
1020 3203 1
1020 3537 1
1020 2614 1
1020 2520 1
1020 2142 1
1020 1665 1
1020 1156 1
1020 2004 1
2323 1021 1
1992 1022 1
1935 1023 1
3770 1023 1
1024 3071 1
3118 1025 1
3407 1026 1
3587 1027 1
1752 1027 1
3118 1028 1
1768 1030 1
1841 1031 1
1841 1032 1
3268 1032 1
1033 2535 1
1767 1035 1
1751 1036 1
2533 1037 1
1908 1038 1
2573 1039 1
2572 1039 1
1767 1039 1
2572 1040 1
1041 3179 1
1041 1759 1
2016 1041 1
1041 2288 1
3407 1042 1
1304 1043 1
1050 1044 1
1728 1045 1
4157 1047 1
2985 1048 1
1050 3539 1
1050 2635 1
1050 1971 1
1050 2255 1
1050 1850 1
1050 4087 1
1050 3182 1
1050 1878 1
1050 1458 1
1050 2617 1
3874 1051 1
4534 1052 1
3737 1052 1
1052 3763 1
2643 1054 1
2985 1055 1
2985 1056 1
1551 1056 1
1202 1057 1
3831 1058 1
3407 1059 1
3408 1059 1
1985 1059 1
1984 1059 1
4033 1060 1
2937 1061 1
1706 1061 1
3847 1062 1
3593 1063 1
4090 1064 1
2102 1065 1
3408 1066 1
4309 1066 1
2001 1066 1
1859 1067 1
1069 2928 1
1069 2684 1
1069 2597 1
1069 2035 1
1069 1476 1
1069 1072 1
1069 3851 1
1069 3658 1
1069 4408 1
1069 3133 1
1069 1705 1
2547 1069 1
1069 4504 1
1069 2529 1
1069 1869 1
1069 2802 1
1069 2044 1
1069 1475 1
1069 1641 1
1069 1119 1
1070 2377 1
1070 1813 1
1070 2680 1
1070 1076 1
1070 4138 1
1070 3058 1
1070 2741 1
1070 2613 1
1070 4490 1
1070 2887 1
1070 1927 1
1894 1071 1
2041 1074 1
2134 1075 1
1128 1075 1
2848 1077 1
1482 1078 1
2848 1079 1
2849 1080 1
1092 1080 1
1081 1271 1
3078 1082 1
3423 1083 1
2265 1084 1
2848 1085 1
2642 1085 1
2572 1085 1
2849 1085 1
4085 1086 1
2016 1087 1
2017 1087 1
2985 1088 1
1935 1089 1
1090 2426 1
2985 1091 1
1551 1091 1
1092 2453 1
1092 1205 1
1092 3889 1
1092 3287 1
1094 1401 1
1094 3343 1
1094 3861 1
1094 2650 1
1094 3813 1
1094 3921 1
1094 2869 1
1094 3681 1
1094 1279 1
1094 1778 1
1094 4407 1
1094 1219 1
1094 1163 1
1094 3876 1
1094 3754 1
3172 1095 1
2041 1096 1
1097 3250 1
1840 1098 1
2016 1099 1
2017 1099 1
2848 1100 1
1767 1101 1
2848 1102 1
2016 1103 1
2017 1104 1
1841 1105 1
2517 1106 1
1304 1107 1
1108 2842 1
1108 1145 1
3413 1109 1
3085 1110 1
2533 1111 1
2534 1111 1
2080 1112 1
3938 1113 1
1979 1114 1
1422 1115 1
3268 1117 1
1117 3863 1
1117 2855 1
1117 3664 1
1117 3102 1
1117 2747 1
1117 2104 1
1117 2882 1
1117 3571 1
2533 1118 1
1419 1119 1
1122 2498 1
4478 1123 1
3248 1125 1
3268 1126 1
1127 1128 1
1127 3330 1
1127 2492 1
1127 1702 1
1127 2725 1
1127 2029 1
1127 4126 1
1127 3817 1
1127 1816 1
1127 3345 1
1127 4046 1
1127 4488 1
1127 3495 1
1127 3194 1
1127 2132 1
1127 1701 1
1128 2380 1
1128 3500 1
1128 1281 1
3413 1129 1
1767 1130 1
1131 2393 1
1131 4390 1
4178 1132 1
2020 1133 1
2507 1133 1
2752 1134 1
1985 1135 1
1626 1136 1
1751 1137 1
2572 1138 1
2631 1139 1
2534 1140 1
2533 1140 1
1141 1230 1
2572 1141 1
2573 1141 1
2517 1142 1
2849 1143 1
2848 1143 1
3694 1144 1
3175 1146 1
3260 1147 1
1148 2010 1
1148 3202 1
1149 1585 1
4309 1150 1
1984 1151 1
1985 1152 1
2953 1153 1
1583 1155 1
3053 1158 1
4085 1160 1
4090 1161 1
1985 1162 1
2548 1165 1
2985 1165 1
1935 1167 1
2643 1168 1
3208 1169 1
4042 1170 1
1170 4098 1
2985 1171 1
2642 1172 1
1175 1174 1
1175 1355 1
4571 1175 1
1175 2956 1
1497 1176 1
1735 1177 1
1178 1910 1
2985 1179 1
2534 1180 1
1181 2576 1
1181 2366 1
3548 1183 1
3118 1184 1
1185 3648 1
1185 1824 1
1985 1187 1
2051 1189 1
2016 1189 1
1190 1829 1
1190 2456 1
1190 2107 1
1191 1633 1
1192 3436 1
3232 1192 1
1882 1193 1
2106 1194 1
2689 1196 1
1864 1197 1
2440 1198 1
2985 1199 1
2020 1200 1
1202 4468 1
2352 1202 1
1204 3635 1
1204 1756 1
1204 4462 1
1984 1207 1
4424 1208 1
2383 1208 1
3410 1209 1
2547 1210 1
3408 1211 1
1984 1211 1
2016 1212 1
2533 1212 1
2017 1212 1
1213 3025 1
2879 1214 1
2979 1215 1
3228 1216 1
1359 1216 1
2017 1217 1
1767 1218 1
2979 1220 1
1859 1221 1
2001 1222 1
2572 1223 1
2017 1227 1
2016 1227 1
4408 1228 1
2994 1228 1
2017 1229 1
1230 2620 1
1230 1670 1
1230 3367 1
1230 4338 1
1230 1888 1
1230 4341 1
1230 3575 1
1230 3461 1
1230 2068 1
1230 2924 1
1230 3810 1
2548 1230 1
1230 4339 1
1230 2624 1
1230 1641 1
1230 3174 1
1230 1762 1
1230 3972 1
1230 3570 1
1230 3079 1
1230 2904 1
1230 1550 1
1230 3790 1
1230 2273 1
1230 1548 1
1231 4341 1
1231 2620 1
1231 1670 1
1231 4338 1
1231 2924 1
1231 2624 1
1231 1548 1
1231 2705 1
1231 2622 1
1231 1888 1
1231 3366 1
1231 1641 1
3407 1232 1
2018 1233 1
3000 1234 1
3407 1235 1
2879 1236 1
1624 1237 1
2849 1239 1
2848 1239 1
1732 1240 1
1985 1240 1
3407 1242 1
1244 3128 1
1985 1245 1
2199 1245 1
2573 1247 1
2572 1247 1
2986 1248 1
4085 1249 1
3269 1249 1
2572 1250 1
3127 1251 1
2106 1252 1
4168 1253 1
1255 1620 1
1255 3105 1
1255 4076 1
1255 2647 1
4090 1255 1
1256 1967 1
1256 1339 1
3407 1257 1
1979 1258 1
2411 1259 1
2849 1259 1
2848 1259 1
3974 1261 1
3407 1264 1
4085 1265 1
3231 1266 1
1901 1267 1
2289 1268 1
1928 1268 1
2017 1269 1
2642 1269 1
2643 1269 1
2016 1269 1
1270 2138 1
1270 1632 1
1270 3460 1
1270 1633 1
1270 3458 1
1270 3924 1
1270 3459 1
1270 4539 1
1270 2353 1
1270 2207 1
1270 3283 1
1270 1800 1
1270 4264 1
1270 1559 1
1270 3363 1
1270 1486 1
1270 4538 1
1270 1591 1
2642 1272 1
2643 1272 1
2166 1274 1
4118 1275 1
2979 1276 1
2573 1277 1
2669 1278 1
3720 1280 1
4167 1281 1
2014 1283 1
3118 1284 1
2659 1284 1
1286 3311 1
1286 2046 1
1286 2599 1
1286 3027 1
1286 4147 1
2020 1287 1
3407 1287 1
2019 1287 1
3408 1287 1
2533 1288 1
4460 1288 1
2020 1288 1
1289 1747 1
2103 1290 1
4410 1290 1
2102 1290 1
1291 1848 1
4478 1292 1
2461 1293 1
2584 1293 1
2547 1294 1
2849 1294 1
2106 1295 1
1296 1837 1
1296 1505 1
1296 1502 1
1296 2582 1
1296 4086 1
1296 1489 1
1296 1304 1
1296 3391 1
1296 2703 1
1296 2302 1
1296 1679 1
1296 3607 1
1310 1297 1
1984 1298 1
1939 1298 1
1299 3059 1
1299 4093 1
1299 1455 1
1300 3420 1
1300 2996 1
1300 3233 1
1300 3928 1
1300 3283 1
1734 1300 1
1300 3438 1
1300 3257 1
1300 3121 1
1301 3022 1
1301 3279 1
1301 3278 1
1301 3280 1
1301 3793 1
1301 4380 1
1301 4470 1
1301 3233 1
1301 3818 1
3402 1302 1
1304 1303 1
1304 4491 1
1304 4142 1
1304 4069 1
1304 3824 1
1304 3025 1
1304 3200 1
1304 2598 1
1304 4405 1
1304 3109 1
1304 4014 1
1304 2003 1
1304 4490 1
1304 2603 1
1304 1573 1
1304 1466 1
1304 1748 1
1304 1704 1
1304 2404 1
3140 1305 1
2325 1305 1
2517 1308 1
1309 4341 1
1562 1311 1
3720 1312 1
1767 1314 1
1768 1314 1
3546 1314 1
1419 1315 1
2267 1315 1
1562 1316 1
2991 1317 1
2971 1318 1
2848 1319 1
2849 1319 1
1319 4583 1
3423 1321 1
2533 1321 1
4072 1322 1
2743 1323 1
3269 1323 1
2743 1324 1
4460 1325 1
2457 1326 1
2985 1326 1
2020 1326 1
2458 1326 1
3533 1327 1
1551 1328 1
1768 1329 1
2326 1329 1
2360 1330 1
1331 3295 1
1331 4041 1
1331 2981 1
3610 1331 1
1985 1332 1
3533 1333 1
2309 1334 1
1734 1336 1
1992 1337 1
2533 1338 1
3267 1340 1
1841 1341 1
1342 2058 1
1342 4440 1
1342 2595 1
1342 3219 1
2534 1342 1
2000 1343 1
1343 1928 1
2966 1344 1
2985 1345 1
3408 1346 1
2020 1346 1
3015 1346 1
3408 1347 1
3407 1347 1
2533 1347 1
3118 1348 1
2020 1349 1
1985 1350 1
2849 1351 1
2849 1352 1
4424 1353 1
3423 1354 1
3407 1354 1
2643 1357 1
1512 1357 1
2247 1358 1
2304 1359 1
1360 1740 1
1360 3057 1
2985 1361 1
1859 1362 1
1860 1362 1
1383 1362 1
1859 1363 1
1860 1363 1
2517 1365 1
1367 4195 1
1367 2827 1
1367 4514 1
1367 4537 1
1367 4553 1
1367 3015 1
1367 4211 1
1367 2279 1
1367 1999 1
2020 1369 1
3407 1370 1
3408 1370 1
2848 1371 1
2849 1371 1
2534 1372 1
2016 1374 1
2986 1375 1
2016 1376 1
2986 1377 1
1979 1378 1
2642 1378 1
2849 1378 1
2643 1378 1
3118 1379 1
2966 1380 1
3118 1380 1
2520 1380 1
2642 1381 1
2643 1381 1
1383 1382 1
2643 1382 1
2642 1382 1
1383 1554 1
1383 4196 1
1383 3354 1
3042 1384 1
1535 1385 1
2547 1386 1
2573 1386 1
2199 1387 1
2517 1388 1
2573 1389 1
1767 1389 1
1391 1390 1
4249 1392 1
1767 1393 1
1767 1394 1
2572 1394 1
2573 1394 1
1768 1394 1
1395 1394 1
1395 1396 1
2134 1396 1
1751 1397 1
1985 1398 1
2643 1399 1
4085 1400 1
4178 1402 1
1985 1404 1
4414 1405 1
1422 1406 1
1407 3179 1
1407 1961 1
2643 1409 1
1985 1410 1
1411 4472 1
1411 1789 1
1411 1918 1
1411 3089 1
1985 1412 1
3725 1414 1
1985 1415 1
1905 1416 1
2979 1417 1
1417 2895 1
1417 2896 1
2990 1418 1
1419 4193 1
1419 2271 1
3197 1421 1
2849 1423 1
2017 1424 1
1425 2977 1
2584 1426 1
2020 1426 1
1427 4116 1
1427 2971 1
1427 3645 1
1427 3773 1
3720 1428 1
2642 1429 1
3181 1430 1
3118 1431 1
2985 1432 1
1433 2449 1
3241 1435 1
1437 1436 1
4048 1437 1
2547 1437 1
1437 2395 1
2985 1438 1
2701 1440 1
1752 1441 1
2741 1442 1
2849 1443 1
2571 1445 1
2547 1446 1
1984 1448 1
2199 1448 1
2016 1449 1
2541 1451 1
4460 1452 1
2848 1453 1
2106 1454 1
1767 1456 1
1768 1456 1
3720 1461 1
1462 3844 1
1462 2079 1
1463 2739 1
1463 3727 1
1463 4059 1
2848 1464 1
2849 1464 1
1465 3862 1
2849 1466 1
4016 1467 1
2632 1468 1
3423 1468 1
4085 1469 1
2309 1470 1
2078 1471 1
2441 1473 1
3494 1474 1
1928 1475 1
3268 1476 1
2000 1477 1
2584 1478 1
2572 1479 1
2573 1479 1
1480 3516 1
1480 1981 1
1480 4464 1
1482 1481 1
2534 1481 1
2533 1481 1
1482 2115 1
1482 4197 1
1482 2209 1
1482 2208 1
1482 2231 1
2534 1483 1
2533 1483 1
2534 1484 1
2247 1485 1
1512 1486 1
4460 1487 1
4178 1488 1
3268 1490 1
2849 1490 1
2848 1490 1
3580 1491 1
3268 1492 1
1797 1493 1
3268 1493 1
3268 1494 1
2771 1495 1
2134 1496 1
1497 3464 1
1497 2748 1
2383 1499 1
2166 1503 1
1767 1504 1
1512 1505 1
4223 1506 1
2533 1507 1
4223 1507 1
2017 1507 1
2533 1508 1
4223 1509 1
2458 1510 1
2016 1510 1
2016 1511 1
1512 2715 1
1512 1513 1
1512 3973 1
1512 4589 1
1512 4588 1
1512 1554 1
1512 3365 1
1512 4453 1
1512 4363 1
2695 1513 1
2152 1514 1
2152 1515 1
2152 1516 1
1517 1518 1
2848 1518 1
1519 1521 1
1519 4358 1
1519 1520 1
1519 2728 1
1519 1685 1
1519 4362 1
1519 1686 1
1519 3730 1
1519 1610 1
1767 1522 1
4249 1523 1
4249 1524 1
2166 1524 1
2986 1525 1
2166 1525 1
2849 1526 1
1562 1527 1
4379 1529 1
2848 1529 1
3883 1530 1
2743 1532 1
1533 3112 1
2017 1533 1
1533 1602 1
1535 1534 1
2848 1534 1
2849 1534 1
1767 1535 1
1768 1536 1
2016 1536 1
1768 1537 1
1767 1537 1
2572 1537 1
2573 1537 1
3545 1538 1
2985 1539 1
2199 1540 1
2102 1541 1
2102 1542 1
2102 1543 1
2102 1544 1
2573 1544 1
2778 1545 1
1767 1545 1
2166 1546 1
1548 1547 1
1548 4451 1
2643 1548 1
2457 1548 1
2979 1548 1
2458 1548 1
1548 1594 1
2743 1549 1
1551 3273 1
1551 2711 1
1551 2319 1
1551 2749 1
1551 3314 1
1551 1936 1
1551 2033 1
2458 1551 1
1551 3826 1
1551 2056 1
1551 3110 1
3464 1552 1
2016 1553 1
2326 1555 1
4223 1555 1
1657 1556 1
2507 1557 1
4178 1557 1
4249 1558 1
2170 1558 1
1768 1560 1
2848 1561 1
1562 1563 1
1562 4368 1
1562 2253 1
1562 2577 1
1562 2463 1
2833 1564 1
3464 1566 1
1566 2494 1
2752 1569 1
2979 1570 1
2458 1570 1
1571 2717 1
1571 2317 1
1571 4353 1
1571 3846 1
1571 2234 1
3106 1572 1
1753 1572 1
1767 1574 1
1768 1574 1
3268 1575 1
1767 1575 1
2000 1576 1
1767 1577 1
3689 1578 1
1580 1579 1
3782 1581 1
1582 1655 1
1582 2176 1
2985 1582 1
1583 4471 1
1583 3101 1
1583 2553 1
1583 2965 1
1583 2655 1
1583 2398 1
1583 4079 1
1583 2385 1
1583 3274 1
1583 1833 1
1583 1877 1
1583 2291 1
2752 1584 1
1797 1586 1
3268 1587 1
1767 1588 1
4249 1589 1
2383 1589 1
2985 1590 1
1593 1592 1
1593 4475 1
1593 3305 1
1593 3014 1
2849 1594 1
4514 1595 1
2533 1596 1
2849 1597 1
2267 1598 1
2985 1598 1
2170 1599 1
4091 1599 1
2103 1600 1
4269 1603 1
2017 1605 1
2152 1606 1
2986 1606 1
2986 1607 1
2849 1608 1
4252 1608 1
3464 1609 1
1611 4395 1
3788 1612 1
1767 1613 1
2170 1614 1
1985 1615 1
2985 1615 1
2533 1616 1
2534 1616 1
2534 1617 1
2743 1618 1
2166 1619 1
4178 1619 1
2849 1621 1
1623 1622 1
1624 2565 1
1624 2322 1
1624 4054 1
1624 2490 1
1624 2113 1
1624 4343 1
1624 2389 1
1751 1624 1
2152 1625 1
1626 1627 1
1626 1664 1
2166 1628 1
2000 1629 1
3545 1630 1
2000 1630 1
2001 1631 1
2103 1632 1
1634 1635 1
1635 1636 1
3139 1636 1
3015 1637 1
2517 1638 1
1985 1639 1
3254 1640 1
1985 1641 1
1984 1641 1
1642 3687 1
1643 4436 1
1643 3144 1
2106 1644 1
1767 1645 1
1767 1646 1
2867 1647 1
4514 1649 1
2020 1650 1
2019 1650 1
1663 1652 1
1657 1653 1
3690 1653 1
3690 1654 1
1657 1654 1
1657 1655 1
2103 1655 1
1657 1656 1
1657 4234 1
1657 4220 1
1657 2727 1
1657 2501 1
1657 2500 1
1657 1662 1
1657 1661 1
1657 1659 1
1657 1658 1
1657 1660 1
1657 4537 1
1657 4223 1
1657 4218 1
1657 4208 1
1657 2493 1
1657 1663 1
1657 2719 1
1657 4232 1
1657 3696 1
1657 4219 1
1657 2184 1
1657 4525 1
1657 4526 1
1657 2720 1
1657 4301 1
1657 4221 1
3323 1660 1
2103 1661 1
1663 4210 1
1663 2770 1
1663 2742 1
1663 4232 1
2848 1665 1
1666 1667 1
1666 1668 1
2000 1666 1
3795 1667 1
1670 1669 1
3194 1671 1
2533 1672 1
2458 1672 1
1674 1673 1
2241 1675 1
4178 1677 1
1678 4333 1
1678 2187 1
1680 3661 1
1680 1713 1
1680 1681 1
1680 1792 1
1680 4533 1
1680 2868 1
4178 1681 1
4565 1682 1
1984 1683 1
2867 1684 1
3140 1684 1
2152 1687 1
2017 1688 1
2534 1689 1
2937 1690 1
1706 1690 1
2937 1691 1
1706 1691 1
1706 1692 1
2937 1692 1
2937 1693 1
1706 1693 1
2937 1694 1
1706 1694 1
2849 1694 1
2937 1695 1
1706 1695 1
2979 1696 1
2458 1697 1
3268 1698 1
1859 1699 1
3015 1700 1
2743 1701 1
2743 1702 1
1860 1703 1
1706 1705 1
1706 1708 1
1706 1707 1
2020 1706 1
1706 4169 1
1706 4112 1
1706 4401 1
1706 3947 1
2937 1708 1
2141 1709 1
3690 1710 1
4029 1711 1
3928 1711 1
3928 1712 1
4178 1713 1
4178 1714 1
2778 1715 1
1716 1717 1
2017 1716 1
2017 1717 1
1979 1717 1
2986 1718 1
1985 1720 1
3795 1721 1
2643 1722 1
3545 1723 1
3042 1724 1
1859 1725 1
1728 2663 1
1728 3514 1
1728 2850 1
1728 2672 1
1767 1729 1
3812 1730 1
1731 2513 1
1731 3503 1
1733 2612 1
3228 1734 1
1734 2415 1
1734 4060 1
1734 2077 1
1734 3238 1
1734 1739 1
4414 1738 1
2358 1740 1
2985 1742 1
2571 1744 1
1744 3548 1
1744 2967 1
2533 1746 1
2985 1749 1
4181 1750 1
1751 2589 1
1751 2588 1
1751 3225 1
1751 2526 1
1751 3507 1
1752 3126 1
1752 4139 1
1752 2290 1
1752 3146 1
1752 4530 1
1752 2792 1
1753 2888 1
1753 2887 1
1753 2308 1
1753 2245 1
1753 2243 1
1753 3728 1
1753 2246 1
1753 2238 1
1753 3793 1
1753 3242 1
1753 2289 1
1753 3882 1
1753 2247 1
1753 3341 1
1753 2885 1
1753 3905 1
1753 3505 1
1753 4185 1
1753 2884 1
1754 2431 1
1754 1990 1
1754 3628 1
2451 1755 1
1755 2578 1
1757 2452 1
1984 1758 1
4478 1760 1
2309 1761 1
2000 1762 1
3662 1764 1
1767 1766 1
2778 1766 1
1767 4585 1
1767 4209 1
1767 4207 1
1767 3935 1
1767 3933 1
1767 3360 1
1767 2779 1
1767 2198 1
1767 4230 1
1767 3787 1
1767 3165 1
1767 3117 1
1767 2264 1
1767 2143 1
1767 1830 1
1767 4556 1
1767 3977 1
1767 3975 1
1767 3962 1
1767 2778 1
1767 4554 1
1767 3791 1
1767 4319 1
1767 3934 1
1767 2764 1
1767 3936 1
1767 4356 1
1767 3371 1
1767 2811 1
1767 2273 1
1767 4528 1
1767 4317 1
1767 4227 1
1767 3838 1
1767 3733 1
1767 2817 1
1767 2786 1
1767 2505 1
1767 2244 1
1767 4529 1
1767 4526 1
1767 4229 1
1767 2774 1
1767 3017 1
1767 2765 1
1767 2174 1
1767 4322 1
1767 4318 1
1767 4008 1
1767 2585 1
1767 2563 1
1767 4558 1
1767 4521 1
1767 3978 1
1767 3816 1
1767 3315 1
1767 3192 1
1767 2276 1
1767 2090 1
1767 4522 1
1767 3976 1
1767 3658 1
1767 3422 1
1767 2767 1
1767 2580 1
1767 2263 1
1767 2089 1
1767 1940 1
1767 4559 1
1767 4320 1
1767 4170 1
1767 3623 1
1767 3612 1
1767 2248 1
1767 4523 1
1767 4248 1
1767 4215 1
1767 4186 1
1767 3799 1
1767 3656 1
1767 3322 1
1767 3253 1
1767 2628 1
1767 2361 1
1767 2169 1
1767 1820 1
1767 4418 1
1767 4219 1
1767 4171 1
1767 3798 1
1767 4584 1
1767 4336 1
1767 3663 1
1767 3646 1
1767 2523 1
1767 2168 1
1767 4555 1
1767 3748 1
1767 3116 1
1767 2763 1
1767 2173 1
1767 2022 1
1767 3929 1
1767 3316 1
1767 2208 1
1768 2274 1
1768 1828 1
1768 3964 1
1768 4031 1
1768 2264 1
1768 3643 1
1768 4182 1
1768 3445 1
1768 4114 1
1768 3517 1
1768 2563 1
1768 4215 1
1768 4186 1
1768 2273 1
1768 4322 1
1768 1874 1
1768 3836 1
1768 3751 1
1768 1838 1
1768 3196 1
1768 4392 1
1768 2638 1
1768 2263 1
1768 1782 1
1768 4461 1
1768 4324 1
1768 3918 1
1768 2211 1
1768 4325 1
1768 4176 1
1768 1863 1
1768 4521 1
1768 3612 1
1768 3611 1
1768 2219 1
1768 3906 1
1768 3666 1
1768 3323 1
1768 2207 1
1768 2471 1
1768 2282 1
1768 2109 1
1768 3310 1
1768 2880 1
1768 2281 1
1768 1940 1
1987 1769 1
3610 1770 1
4167 1771 1
1772 2952 1
2001 1773 1
4476 1774 1
3413 1776 1
1987 1777 1
2542 1779 1
2017 1781 1
2383 1783 1
4476 1784 1
2016 1785 1
2016 1786 1
4411 1788 1
2152 1790 1
1909 1791 1
2016 1791 1
2265 1793 1
3610 1794 1
1795 3486 1
1795 3000 1
2533 1796 1
1797 2272 1
1797 4370 1
1797 2229 1
1797 2012 1
4091 1797 1
1797 3491 1
3268 1797 1
1797 4395 1
1797 4547 1
1797 4525 1
1797 3454 1
1797 2240 1
1797 3992 1
1797 4178 1
3546 1799 1
2360 1800 1
3268 1801 1
2643 1802 1
2642 1802 1
2547 1803 1
2849 1805 1
2848 1805 1
4029 1806 1
2848 1807 1
2849 1807 1
1859 1807 1
2985 1808 1
2986 1808 1
2986 1809 1
3689 1810 1
2017 1812 1
3118 1814 1
1985 1815 1
2743 1816 1
2533 1817 1
2534 1817 1
2017 1818 1
2533 1818 1
2979 1819 1
2979 1820 1
2458 1821 1
1909 1822 1
2778 1823 1
2573 1826 1
3618 1827 1
1985 1831 1
3974 1832 1
1832 2654 1
2973 1834 1
2323 1835 1
2838 1836 1
2017 1839 1
1841 3278 1
1841 2846 1
1841 2709 1
1841 3403 1
1841 3280 1
1841 2835 1
1841 3279 1
1841 2674 1
1841 2128 1
2985 1843 1
2573 1844 1
4486 1847 1
4091 1849 1
2323 1850 1
3172 1851 1
1853 4067 1
1853 3229 1
3407 1854 1
1985 1855 1
4015 1856 1
1857 3838 1
2000 1858 1
1859 4291 1
1859 2047 1
1859 3860 1
1859 2800 1
1859 2566 1
1859 2097 1
1859 3606 1
1859 4592 1
1859 4521 1
1859 4012 1
1859 3851 1
1859 3659 1
1859 2549 1
1859 2357 1
1859 2857 1
1859 2564 1
1859 3588 1
1859 3237 1
1859 2567 1
1859 2302 1
1859 2175 1
1860 3632 1
1860 2289 1
1860 1947 1
1860 2564 1
1860 4275 1
1860 2566 1
1860 3588 1
1860 3436 1
3191 1861 1
3562 1862 1
1864 4026 1
1864 2944 1
1864 2364 1
1864 2591 1
1864 3308 1
1864 2528 1
1864 3528 1
3131 1865 1
3515 1866 1
4033 1867 1
2534 1867 1
2479 1868 1
3411 1870 1
2029 1871 1
3118 1872 1
2659 1872 1
2331 1873 1
1985 1875 1
2009 1876 1
2985 1881 1
3407 1882 1
1882 3177 1
3408 1882 1
2584 1883 1
1885 1884 1
3407 1884 1
2848 1884 1
1885 1886 1
1885 1887 1
1885 2569 1
2572 1885 1
1885 2865 1
1885 4323 1
2642 1888 1
2533 1888 1
2533 1889 1
2534 1889 1
3224 1890 1
2134 1891 1
3407 1892 1
1894 2007 1
1929 1894 1
2534 1895 1
4178 1896 1
2323 1899 1
2971 1900 1
1901 3671 1
1901 3820 1
2533 1902 1
2458 1903 1
3297 1904 1
1905 1975 1
2103 1906 1
2102 1906 1
2985 1907 1
1908 3586 1
1908 3083 1
1908 4162 1
1911 2901 1
1985 1912 1
2921 1912 1
2848 1914 1
1915 2839 1
1915 4438 1
1915 2899 1
1915 3509 1
2181 1917 1
2000 1918 1
3268 1919 1
2867 1920 1
1985 1921 1
1923 3722 1
1923 3672 1
1923 2982 1
2534 1925 1
2547 1926 1
1928 2925 1
1928 1931 1
1928 4097 1
1928 2086 1
1928 3554 1
1928 2084 1
1928 2315 1
1928 4081 1
1928 2373 1
1928 2651 1
1928 3135 1
1928 4418 1
1928 3275 1
1928 4013 1
1928 3881 1
1928 3137 1
1928 1930 1
1928 3600 1
1928 3062 1
1928 3833 1
1928 3830 1
1928 2984 1
1928 2613 1
1928 1966 1
1928 3204 1
1929 2086 1
1929 3675 1
1929 2084 1
1929 3524 1
1929 3554 1
1929 3158 1
1929 1942 1
1929 3848 1
1929 2900 1
1929 2506 1
2943 1932 1
3408 1933 1
2265 1934 1
1935 3219 1
1935 3497 1
1935 4159 1
1935 2623 1
1935 3558 1
1935 1953 1
2985 1936 1
3408 1936 1
1981 1936 1
2106 1937 1
1939 4484 1
1941 2512 1
3408 1943 1
2642 1944 1
1985 1945 1
2573 1946 1
2517 1947 1
2458 1948 1
2534 1949 1
3435 1949 1
1951 1950 1
1951 1952 1
1953 3098 1
2517 1954 1
2534 1955 1
4091 1956 1
3229 1957 1
2199 1958 1
2199 1959 1
1985 1960 1
2946 1960 1
2433 1961 1
2627 1961 1
2985 1962 1
2152 1963 1
2995 1964 1
2026 1965 1
1966 2687 1
2994 1968 1
4181 1969 1
1970 4430 1
1970 3563 1
2743 1974 1
3248 1977 1
1979 1978 1
1979 4496 1
1979 3167 1
1979 2874 1
1979 2037 1
1979 3108 1
1981 3433 1
2985 1981 1
2417 1982 1
2016 1983 1
1984 2041 1
1984 3647 1
1984 2916 1
1984 4328 1
1984 3492 1
1984 3187 1
1984 4133 1
1984 3917 1
1984 2347 1
1984 2114 1
1984 4106 1
1984 3032 1
1984 2686 1
1984 4075 1
1984 2749 1
1984 4078 1
1984 2115 1
1984 3014 1
1984 2997 1
1985 4386 1
1985 4340 1
1985 4200 1
1985 4188 1
1985 4160 1
1985 4136 1
1985 4099 1
1985 4019 1
1985 3912 1
1985 3911 1
1985 3888 1
1985 3865 1
1985 3829 1
1985 3814 1
1985 3678 1
1985 3485 1
1985 3383 1
1985 3379 1
1985 3318 1
1985 3317 1
1985 3276 1
1985 3249 1
1985 2875 1
1985 2860 1
1985 2654 1
1985 2621 1
1985 2581 1
1985 2544 1
1985 2423 1
1985 2347 1
1985 2297 1
1985 2284 1
1985 2214 1
1985 2117 1
1985 4351 1
1985 3762 1
1985 3601 1
1985 3263 1
1985 3262 1
1985 3082 1
1985 3462 1
1985 2749 1
1985 4575 1
1985 1996 1
1985 4581 1
1985 4500 1
1985 4294 1
1985 4376 1
1985 3347 1
1985 3316 1
1985 2085 1
1985 3568 1
1985 3270 1
1985 2545 1
1985 2437 1
1985 4578 1
1985 3502 1
1985 3489 1
1985 2916 1
1985 2637 1
1985 2114 1
1985 2007 1
1985 4134 1
1985 4075 1
1985 4487 1
1985 4101 1
1985 4242 1
1985 3166 1
1985 2997 1
1985 2053 1
1985 4004 1
1985 2181 1
1985 2071 1
1985 4572 1
1985 2812 1
1985 2199 1
1985 4144 1
1985 3484 1
1985 3801 1
1985 2686 1
1985 2683 1
1985 3564 1
1985 2175 1
1985 4433 1
1985 4133 1
1985 4077 1
1985 2673 1
2441 1987 1
1987 2892 1
1988 2557 1
1992 2037 1
3268 1992 1
1992 2114 1
1992 2942 1
2265 1993 1
2017 1997 1
2016 1997 1
2016 1999 1
2000 3247 1
2000 3245 1
2000 2679 1
2000 2118 1
2000 2111 1
2000 4133 1
2000 2002 1
2000 3550 1
2000 3530 1
2000 3328 1
2000 2355 1
2000 3314 1
2000 3139 1
2000 3083 1
2000 4152 1
2000 3992 1
2000 3554 1
2000 3549 1
2000 3329 1
2000 2119 1
2000 2098 1
2000 2749 1
2000 3142 1
2000 3019 1
2000 2616 1
2000 2110 1
2000 4063 1
2000 4134 1
2000 3141 1
2000 3022 1
2000 2613 1
2001 4143 1
2001 3465 1
2001 3381 1
2001 3364 1
2001 2206 1
2001 4284 1
2001 2205 1
2001 3800 1
2001 3334 1
2001 3090 1
2001 2287 1
2001 3303 1
2001 2734 1
2001 3198 1
2001 2733 1
2001 2227 1
2001 4457 1
2001 3335 1
2001 3156 1
2001 3702 1
2001 3555 1
2001 3950 1
2001 3139 1
2001 2821 1
2001 3455 1
2001 2246 1
2001 4204 1
2001 3247 1
2001 2015 1
2001 3142 1
2001 2714 1
2001 2345 1
2001 3636 1
2001 3245 1
2001 3328 1
2001 3325 1
2001 2116 1
2001 2098 1
2001 2058 1
2541 2003 1
2017 2005 1
2838 2006 1
2009 2008 1
2009 3405 1
2265 2013 1
2016 4062 1
2016 3679 1
2016 4498 1
2016 3832 1
2016 2550 1
2016 2136 1
2016 3435 1
2016 2563 1
2016 2405 1
2016 2218 1
2016 2052 1
2016 3583 1
2016 3026 1
2016 2154 1
2016 2649 1
2016 2179 1
2016 2552 1
2016 2400 1
2016 2351 1
2016 2312 1
2016 2163 1
2016 4387 1
2016 3451 1
2016 2891 1
2016 2783 1
2016 2521 1
2016 2164 1
2016 2957 1
2016 2939 1
2016 2559 1
2016 2524 1
2016 2162 1
2016 4579 1
2016 2522 1
2016 3498 1
2016 3426 1
2016 2647 1
2016 2554 1
2016 2057 1
2016 2051 1
2016 4499 1
2016 2868 1
2016 2349 1
2017 4112 1
2017 3758 1
2017 3060 1
2017 2068 1
2017 4579 1
2017 2805 1
2017 3282 1
2017 2792 1
2017 2136 1
2017 3122 1
2017 2180 1
2017 2725 1
2017 2561 1
2017 2215 1
2017 3573 1
2017 3569 1
2017 2328 1
2017 2951 1
2017 2299 1
2017 3761 1
2017 2172 1
2017 2149 1
2017 3239 1
2017 2164 1
2017 2179 1
2017 3589 1
2017 4234 1
2017 2552 1
2017 2522 1
2017 4387 1
2017 2606 1
2017 2807 1
2017 2521 1
2017 2292 1
2017 4557 1
2017 4312 1
2017 4163 1
2017 3658 1
2017 3426 1
2017 3229 1
2017 2550 1
2017 2163 1
2017 2148 1
2017 2863 1
2017 2649 1
2017 2647 1
2017 4121 1
2017 3243 1
2019 2523 1
2019 2973 1
2019 3223 1
2019 3657 1
2019 3222 1
2019 2418 1
2019 2108 1
2019 3667 1
2019 2348 1
2019 3949 1
2019 3221 1
2019 2368 1
2019 2182 1
2020 3842 1
2020 3717 1
2020 3716 1
2020 3715 1
2020 3714 1
2020 3713 1
2020 3712 1
2020 3711 1
2020 3710 1
2020 3709 1
2020 3708 1
2020 3705 1
2020 3222 1
2020 4373 1
2020 2182 1
2020 3707 1
2020 3355 1
2020 3580 1
2020 4084 1
2020 4213 1
2020 3341 1
2020 4228 1
2020 3706 1
2020 4372 1
2020 3223 1
2020 2186 1
2020 3802 1
2020 2155 1
2020 3657 1
2020 3375 1
2020 2185 1
2020 2418 1
2020 2187 1
2020 2183 1
2020 3374 1
2199 2023 1
4252 2024 1
2533 2024 1
3407 2025 1
2026 3574 1
2026 2930 1
3297 2027 1
2028 3768 1
2029 4466 1
2029 4109 1
2029 4439 1
4091 2030 1
3268 2031 1
3765 2031 1
2032 3139 1
2985 2033 1
3268 2034 1
2533 2037 1
2985 2038 1
2458 2039 1
2985 2039 1
2986 2039 1
2458 2040 1
2041 3098 1
2041 2600 1
2041 2605 1
2042 3654 1
2042 2994 1
2642 2043 1
3812 2045 1
2048 2601 1
3118 2049 1
2990 2050 1
2051 4067 1
2055 2054 1
3003 2055 1
3076 2055 1
2055 3890 1
2055 4316 1
2985 2056 1
2849 2058 1
2059 2060 1
2059 2061 1
2059 2062 1
2247 2061 1
3924 2062 1
4514 2063 1
2063 3111 1
2517 2065 1
3268 2067 1
2266 2069 1
2266 2070 1
2652 2072 1
3402 2073 1
3407 2074 1
3408 2074 1
2985 2075 1
2771 2076 1
2079 2664 1
2079 2428 1
2080 4141 1
2973 2081 1
2927 2082 1
2971 2083 1
3268 2084 1
3078 2085 1
2849 2085 1
2087 3877 1
2849 2088 1
2534 2089 1
2326 2090 1
2152 2091 1
2326 2092 1
2326 2093 1
2326 2094 1
2326 2095 1
2979 2096 1
2458 2096 1
4033 2099 1
2199 2100 1
2653 2101 1
2102 2151 1
2102 2381 1
2102 3073 1
2102 3258 1
2103 2888 1
2103 2887 1
2103 2231 1
2103 4215 1
2103 2230 1
2103 2151 1
2103 3073 1
2103 2245 1
2103 2424 1
2103 2246 1
2103 4527 1
2103 3704 1
2103 3944 1
2103 3792 1
2103 3580 1
2103 3464 1
2103 2167 1
2533 2105 1
2331 2105 1
2534 2105 1
2106 4157 1
2106 2845 1
2106 4087 1
2106 3519 1
2533 2107 1
2534 2107 1
3194 2111 1
2112 3106 1
2112 4298 1
2458 2120 1
2121 3277 1
2122 3781 1
2848 2123 1
2990 2124 1
3407 2125 1
3422 2126 1
2985 2126 1
2986 2126 1
2979 2127 1
2457 2127 1
2533 2129 1
2457 2129 1
2986 2129 1
4414 2131 1
2134 2132 1
2134 2133 1
2134 3143 1
2134 3920 1
2134 2828 1
2134 2797 1
2134 4544 1
2134 3852 1
2134 3804 1
2134 2135 1
2642 2139 1
3947 2140 1
2141 3795 1
2141 4347 1
2141 2189 1
2533 2144 1
2534 2144 1
2457 2145 1
2979 2146 1
2979 2147 1
2458 2147 1
2457 2147 1
2533 2150 1
2979 2150 1
2457 2150 1
2458 2150 1
4110 2151 1
2152 4173 1
2152 4172 1
2152 3885 1
2152 3884 1
2152 3872 1
2152 3386 1
2152 2790 1
2152 2722 1
2152 2197 1
2152 2196 1
2792 2152 1
2152 3385 1
2152 2724 1
2152 4196 1
2152 3471 1
2152 2723 1
2535 2153 1
3194 2156 1
2743 2157 1
2979 2158 1
2458 2158 1
4252 2159 1
2849 2160 1
2979 2161 1
2457 2162 1
2979 2162 1
2458 2162 1
2849 2164 1
3690 2164 1
3690 2165 1
2534 2165 1
2166 3809 1
2166 3786 1
2166 3394 1
2166 3756 1
2166 4562 1
2166 4542 1
2166 4332 1
2166 4178 1
2166 4115 1
2166 3926 1
2166 3584 1
2166 2422 1
2166 3878 1
2166 3785 1
2166 3457 1
2166 3380 1
2166 2814 1
2166 2260 1
2166 4287 1
2166 4321 1
2166 3129 1
2166 4175 1
2166 3024 1
2166 4156 1
2166 2815 1
2166 2259 1
2166 2504 1
2572 2168 1
2778 2168 1
3795 2169 1
2170 4130 1
2170 4254 1
2170 2710 1
2170 4250 1
2743 2171 1
4249 2177 1
3795 2178 1
3580 2186 1
4249 2189 1
3254 2190 1
4354 2190 1
3194 2192 1
3194 2193 1
3194 2194 1
4181 2194 1
2979 2196 1
2325 2197 1
2778 2198 1
2199 4386 1
2199 4154 1
2199 3302 1
2199 3301 1
2199 2935 1
2199 2371 1
2199 2334 1
2199 2297 1
2199 4551 1
2199 3399 1
2199 4155 1
2199 4487 1
2199 2611 1
2199 2200 1
2199 3392 1
3407 2201 1
3408 2201 1
2203 2202 1
3408 2204 1
3434 2206 1
2534 2207 1
2643 2210 1
2642 2210 1
3268 2210 1
2534 2210 1
2533 2210 1
3915 2211 1
4217 2212 1
2898 2213 1
3015 2214 1
4091 2216 1
2534 2217 1
2643 2219 1
2642 2219 1
2642 2220 1
2748 2221 1
4090 2222 1
2224 2223 1
4029 2223 1
2224 3193 1
2224 3925 1
2224 3653 1
2642 2224 1
2642 2225 1
2737 2226 1
3795 2228 1
4118 2229 1
2572 2232 1
2360 2233 1
2979 2233 1
2573 2235 1
2986 2237 1
3782 2238 1
3782 2239 1
2849 2241 1
2848 2241 1
2517 2241 1
3782 2242 1
3782 2243 1
3782 2245 1
3782 2246 1
2247 3459 1
2251 2249 1
2251 2250 1
3735 2251 1
2458 2252 1
2572 2253 1
2534 2254 1
2533 2256 1
3078 2257 1
3924 2258 1
3268 2261 1
2572 2262 1
2265 3723 1
2265 3160 1
2265 3572 1
2265 4111 1
2265 3289 1
2265 2905 1
2265 3161 1
2265 3721 1
2265 3086 1
2266 2355 1
2266 3312 1
2267 3854 1
2267 4025 1
2267 2745 1
3562 2268 1
3725 2269 1
2925 2270 1
2325 2272 1
3782 2272 1
2573 2273 1
2572 2273 1
2534 2275 1
4460 2277 1
2848 2278 1
2283 2280 1
2282 4010 1
2283 3056 1
2283 4384 1
2283 3338 1
2283 2914 1
2283 3424 1
2283 2667 1
2286 2285 1
2849 2285 1
4033 2288 1
2289 2515 1
2862 2292 1
2862 2293 1
2862 2294 1
2862 2295 1
3812 2298 1
4184 2299 1
3407 2301 1
3211 2301 1
3408 2301 1
2743 2303 1
3205 2305 1
3408 2306 1
2986 2307 1
2867 2307 1
2309 4065 1
2309 3148 1
2309 2945 1
2310 2933 1
2310 2311 1
2643 2313 1
4181 2318 1
2985 2319 1
2849 2320 1
4478 2321 1
2323 2427 1
2323 3665 1
2323 2906 1
2323 2324 1
2323 2343 1
2323 2430 1
2323 3081 1
2323 2662 1
2325 4050 1
2643 2325 1
2326 2501 1
2326 4532 1
2326 4220 1
2326 4218 1
2326 2727 1
2326 2500 1
2326 3437 1
2326 2788 1
2326 4241 1
2326 4552 1
2326 4242 1
3295 2327 1
3464 2329 1
2330 2903 1
2331 3085 1
2331 3634 1
2331 3065 1
2331 3626 1
2331 3625 1
2331 2336 1
2986 2332 1
2943 2333 1
2630 2335 1
3812 2336 1
4478 2337 1
2986 2338 1
4413 2339 1
2577 2343 1
2985 2343 1
2351 2344 1
2346 4421 1
2346 2475 1
2458 2349 1
3687 2350 1
2351 2943 1
2351 2890 1
3483 2356 1
3542 2357 1
2358 3088 1
2360 3633 1
2360 4460 1
2360 3292 1
2360 3527 1
4269 2360 1
2362 3243 1
3546 2363 1
3812 2364 1
2643 2366 1
3422 2367 1
2971 2369 1
2771 2370 1
2985 2372 1
2986 2372 1
2534 2374 1
2643 2374 1
2849 2375 1
2985 2376 1
2986 2376 1
2383 3765 1
2383 4249 1
2383 4510 1
2383 4359 1
2383 3061 1
2383 2983 1
2383 3348 1
2383 3807 1
2383 3488 1
2383 3406 1
2383 2495 1
2383 3806 1
2383 3487 1
2383 3066 1
2383 3245 1
2383 3894 1
2986 2386 1
2535 2387 1
4113 2388 1
2573 2390 1
2572 2390 1
2392 2390 1
2392 2391 1
2392 3468 1
2985 2392 1
4072 2392 1
3974 2396 1
4030 2402 1
2631 2402 1
2666 2403 1
2404 2645 1
2404 3336 1
3376 2406 1
3407 2407 1
2979 2407 1
2533 2408 1
2534 2408 1
2410 3867 1
2410 3640 1
2410 4040 1
2411 2908 1
2412 4032 1
2458 2413 1
2534 2414 1
3118 2416 1
2417 3862 1
3000 2417 1
3268 2420 1
2421 2562 1
2421 3501 1
4178 2422 1
2986 2425 1
2849 2432 1
2433 3543 1
2433 2949 1
2433 4135 1
4168 2434 1
2436 3823 1
2642 2438 1
2630 2440 1
2440 2677 1
2440 3776 1
2440 4011 1
3008 2440 1
2441 2931 1
2441 3212 1
2441 3673 1
2441 2491 1
2441 2442 1
2441 3266 1
2441 3512 1
2441 3716 1
2441 3536 1
2517 2444 1
2849 2445 1
2517 2446 1
3545 2447 1
2517 2448 1
4003 2455 1
2457 3683 1
2457 3307 1
2457 4576 1
2457 4121 1
2457 3808 1
2457 2609 1
2457 3432 1
2457 4133 1
2457 3919 1
2457 3217 1
2457 2907 1
2457 4345 1
2457 2934 1
2457 3918 1
2457 4346 1
2457 3989 1
2457 2801 1
2457 3339 1
2457 3114 1
2457 3113 1
2457 2802 1
2457 4344 1
2457 3257 1
2457 2467 1
2458 3984 1
2458 2907 1
2458 2738 1
2458 3985 1
2458 3307 1
2458 4341 1
2458 2878 1
2458 4121 1
2458 4133 1
2458 3919 1
2458 2609 1
2458 3608 1
2458 3683 1
2458 4027 1
2458 2802 1
2458 4290 1
2458 3808 1
2458 2799 1
2458 4345 1
2458 4344 1
2458 4288 1
2458 4538 1
3241 2459 1
3408 2460 1
2461 4243 1
2461 3353 1
4478 2461 1
2461 3349 1
2461 3184 1
2461 4303 1
2461 2843 1
2534 2462 1
2985 2463 1
2985 2464 1
3688 2464 1
2979 2465 1
2985 2466 1
2468 2469 1
2533 2471 1
2642 2472 1
2987 2473 1
2643 2474 1
3260 2476 1
2867 2478 1
2702 2481 1
3194 2482 1
2483 2542 1
2483 3052 1
2849 2484 1
2848 2484 1
2534 2484 1
2533 2484 1
2534 2485 1
2937 2485 1
2849 2485 1
2533 2486 1
2848 2486 1
2849 2486 1
2848 2487 1
2489 2488 1
2743 2492 1
4514 2493 1
3464 2494 1
4460 2496 1
2572 2497 1
2643 2499 1
2534 2502 1
3268 2503 1
4178 2504 1
2572 2506 1
2573 2506 1
2507 3988 1
3268 2507 1
2507 3356 1
2986 2508 1
2573 2510 1
2517 2515 1
2517 2516 1
2517 3866 1
2517 2590 1
2517 3597 1
2517 3333 1
2517 3390 1
2517 2586 1
2517 4286 1
2517 4071 1
2517 3412 1
3208 2518 1
2518 2615 1
2985 2519 1
2520 4043 1
3140 2525 1
2985 2527 1
3812 2528 1
3268 2530 1
4206 2531 1
2937 2532 1
2533 4442 1
2533 4392 1
2533 2840 1
2533 2698 1
2533 3511 1
2533 4234 1
2533 2992 1
2533 2713 1
2533 3783 1
4411 2533 1
2533 3372 1
2533 4350 1
2533 4103 1
2533 2878 1
2533 2656 1
2533 4243 1
2533 3178 1
2533 4102 1
2533 3499 1
2533 4406 1
2533 3732 1
2533 3185 1
2533 3123 1
2533 2696 1
2533 4306 1
2533 4058 1
2533 3186 1
2534 4561 1
2534 4201 1
2534 3476 1
2534 3049 1
2534 2785 1
2534 4482 1
2534 4310 1
2534 4128 1
2534 4427 1
2534 3738 1
2534 3050 1
2534 2700 1
2534 3855 1
2534 4104 1
2534 3218 1
2534 3033 1
2534 2988 1
2534 2705 1
2534 4392 1
2534 4124 1
2534 3783 1
2534 3744 1
2534 3285 1
2534 3199 1
2534 4441 1
2534 4125 1
2534 2834 1
2534 3179 1
2534 4064 1
2534 3425 1
2534 4481 1
2534 2833 1
2534 3578 1
2534 3511 1
2534 3490 1
2534 3013 1
2535 3467 1
4424 2536 1
4249 2537 1
2539 2538 1
4091 2538 1
2539 4185 1
3027 2539 1
2539 3505 1
2666 2540 1
2541 4367 1
4460 2541 1
2541 3094 1
2541 2699 1
2541 4368 1
2542 3409 1
2542 4435 1
2542 2680 1
2542 3281 1
2927 2543 1
3368 2546 1
2547 2546 1
2549 3251 1
2848 2551 1
2943 2555 1
2985 2556 1
2849 2559 1
2985 2560 1
2642 2563 1
3402 2564 1
2568 3294 1
2568 3682 1
2643 2569 1
2571 4006 1
2572 3477 1
2572 3080 1
2572 3063 1
2572 3011 1
2572 2735 1
2572 2707 1
2572 3630 1
2572 2583 1
2572 3841 1
2572 4329 1
2572 3623 1
2572 2897 1
2572 4186 1
2572 3840 1
2572 3699 1
2572 3321 1
2572 2732 1
2572 3959 1
2572 3480 1
2572 3046 1
2572 2765 1
2572 4501 1
2572 3734 1
2572 3478 1
2572 3091 1
2572 3698 1
2572 3644 1
2572 3047 1
2572 3326 1
2572 2837 1
2572 3839 1
2572 3624 1
2572 2706 1
2572 2580 1
2572 4540 1
2572 3778 1
2572 3622 1
2572 3299 1
2572 3145 1
2572 2729 1
2573 4203 1
2573 3736 1
2573 3250 1
2573 2601 1
2573 3598 1
2573 3387 1
2573 2867 1
2573 3961 1
2573 3542 1
2573 3979 1
2573 3532 1
2573 3481 1
2573 3960 1
2573 3406 1
2573 3068 1
2573 2580 1
2573 2790 1
2573 4059 1
2573 2583 1
2573 3477 1
2573 3046 1
2573 3439 1
2573 3419 1
2573 2837 1
2573 2732 1
2573 4186 1
2573 3623 1
2573 3489 1
2573 3480 1
2573 3802 1
2573 3699 1
2573 3630 1
2573 3321 1
2985 2575 1
2577 3965 1
2577 2902 1
3254 2586 1
3407 2592 1
3407 2593 1
3408 2593 1
2979 2594 1
2597 2727 1
3228 2602 1
2604 2847 1
2966 2608 1
2979 2609 1
2848 2610 1
2848 2613 1
3004 2618 1
3254 2619 1
3812 2622 1
4414 2625 1
4150 2626 1
2627 4049 1
2630 3585 1
2630 2941 1
2631 3226 1
4411 2631 1
2631 3510 1
2631 3819 1
2632 3985 1
2632 3984 1
2632 3041 1
2632 4057 1
2632 4058 1
2632 2820 1
2922 2633 1
4085 2636 1
2642 2637 1
3408 2639 1
2641 3265 1
2641 2693 1
2642 2855 1
2642 3556 1
2642 3150 1
2642 4375 1
2642 3247 1
2642 2830 1
2642 2806 1
2642 3836 1
2642 3760 1
2642 3619 1
2642 2919 1
2642 2853 1
2642 2782 1
2642 4400 1
2642 3980 1
2642 3463 1
2642 4366 1
2642 3983 1
2642 3828 1
2642 3750 1
2642 3079 1
2642 4544 1
2642 4347 1
2642 3982 1
2642 3609 1
2642 4088 1
2642 3755 1
2642 3620 1
2642 2829 1
2642 2815 1
2642 4398 1
2642 4306 1
2642 2818 1
2642 3986 1
2642 3976 1
2642 3906 1
2642 3784 1
2642 2932 1
2642 2909 1
2643 2813 1
2643 3296 1
2643 3245 1
2643 3195 1
2643 2795 1
2643 2829 1
2643 4306 1
2643 3619 1
2643 3246 1
2643 2932 1
2643 3963 1
2643 3986 1
2643 3164 1
2643 2883 1
2643 3001 1
2643 2806 1
2643 2854 1
2643 4576 1
2643 4570 1
2643 3750 1
2643 3609 1
2643 3363 1
2643 3055 1
2643 3633 1
2643 3557 1
2643 3556 1
2643 2805 1
2643 2660 1
2985 2644 1
3009 2644 1
2646 3618 1
2743 2648 1
2937 2649 1
4577 2651 1
2652 4061 1
2652 2957 1
2652 4066 1
2652 3183 1
2652 3561 1
2652 3176 1
2653 3547 1
3494 2656 1
2979 2657 1
2979 2658 1
3118 2663 1
3545 2665 1
2848 2665 1
2666 3002 1
2666 2865 1
2669 2675 1
3443 2670 1
3407 2670 1
2743 2674 1
2903 2678 1
4168 2679 1
2681 2915 1
2681 3828 1
2971 2685 1
3208 2688 1
2690 4476 1
2691 2911 1
3100 2692 1
2743 2694 1
2695 2999 1
2695 3973 1
2695 4263 1
4478 2697 1
2701 2971 1
2702 4414 1
3408 2704 1
3407 2704 1
3407 2705 1
3408 2705 1
2706 3991 1
2706 2707 1
2985 2706 1
3464 2712 1
3788 2726 1
4091 2730 1
2737 2735 1
2737 4204 1
2741 2738 1
2741 2740 1
2743 3400 1
2743 3347 1
2743 3301 1
2743 3159 1
2743 3147 1
2743 3018 1
2743 2993 1
2743 4126 1
2743 3344 1
2743 3817 1
2743 4180 1
2743 4022 1
2743 3346 1
2743 4352 1
2743 3337 1
2743 3345 1
2743 2744 1
2743 3442 1
2746 3107 1
2748 3780 1
2748 2801 1
2752 2750 1
3268 2750 1
2752 2751 1
3268 2751 1
2752 4269 1
2752 4262 1
2752 4261 1
2752 4260 1
2752 2758 1
2752 2757 1
2752 2756 1
2752 2755 1
2752 2754 1
2752 2753 1
2752 4259 1
2752 4258 1
2752 4257 1
2752 4256 1
3268 2755 1
3268 2756 1
3268 2757 1
4148 2759 1
4148 2760 1
4148 2761 1
4148 2762 1
4178 2762 1
2778 2767 1
4223 2768 1
4223 2769 1
2771 3042 1
3797 2771 1
3408 2772 1
3407 2772 1
2778 2772 1
2849 2773 1
4223 2776 1
2778 2779 1
2778 4585 1
2778 4207 1
2778 3360 1
2778 3991 1
2778 3943 1
2778 4503 1
2778 4318 1
2778 3935 1
2778 3933 1
2778 3936 1
2778 3929 1
2778 3718 1
2778 4555 1
2778 4319 1
2778 4229 1
2778 4244 1
2778 3799 1
3795 2780 1
2985 2781 1
2792 2784 1
4178 2789 1
2792 2793 1
2849 2792 1
2792 3054 1
2792 2859 1
2985 2794 1
2898 2795 1
3139 2798 1
2979 2801 1
2979 2802 1
2803 2804 1
2809 2808 1
4167 2810 1
4249 2819 1
2822 2823 1
2822 3456 1
3924 2824 1
2985 2824 1
2979 2825 1
3268 2826 1
4091 2831 1
3443 2832 1
2837 2835 1
2837 2836 1
2838 3028 1
4460 2843 1
3645 2844 1
2848 3009 1
2848 3869 1
2848 4153 1
2848 3998 1
2848 3997 1
2848 3833 1
2848 3958 1
2848 3661 1
2848 3255 1
2848 4171 1
2848 3641 1
2848 4479 1
2848 3450 1
2848 3041 1
2848 4314 1
2848 4097 1
2848 4085 1
2848 3850 1
2848 4299 1
2848 3985 1
2849 3886 1
2849 4269 1
2849 3580 1
2849 3590 1
2849 4497 1
2849 4314 1
2849 3850 1
2849 3652 1
2849 4257 1
2849 3328 1
2849 2978 1
2849 4399 1
2849 3985 1
2849 4299 1
2849 4097 1
2849 4589 1
2849 4153 1
2849 4002 1
2849 3998 1
2849 3078 1
2849 4477 1
2849 3351 1
2849 3327 1
4247 2851 1
2985 2852 1
2862 2861 1
2862 3428 1
3268 2864 1
2867 2866 1
2867 4117 1
2867 2886 1
2867 3452 1
4033 2870 1
3408 2871 1
3605 2872 1
4411 2873 1
3545 2874 1
2985 2880 1
2986 2881 1
2985 2881 1
3268 2883 1
3268 2884 1
2986 2894 1
2898 3449 1
4090 2898 1
3401 2900 1
2903 3671 1
2979 2907 1
2969 2910 1
4113 2913 1
3725 2918 1
4252 2920 1
3076 2923 1
2925 4166 1
2985 2925 1
2929 4348 1
2929 3750 1
2929 4252 1
2986 2934 1
3004 2936 1
2937 4112 1
2937 4169 1
2937 4401 1
2937 3544 1
2937 3951 1
4178 2938 1
4157 2940 1
2943 3124 1
2943 4036 1
3208 2948 1
3521 2950 1
3680 2950 1
2953 3384 1
4395 2958 1
3407 2960 1
2961 4485 1
2961 4474 1
2961 2964 1
2966 3113 1
2966 4146 1
2966 4082 1
2966 4470 1
2966 4149 1
2966 3430 1
2966 4569 1
2966 3181 1
4181 2968 1
3831 2969 1
2969 3703 1
4413 2970 1
2971 4447 1
2971 4095 1
2971 3234 1
2971 3293 1
2985 2972 1
2973 3229 1
2973 3440 1
3408 2975 1
2979 4172 1
2979 4196 1
2979 4121 1
2979 3683 1
2979 3432 1
2979 4342 1
2979 4133 1
2979 3235 1
2979 3114 1
2979 3957 1
2979 3918 1
2979 3307 1
2979 3113 1
2979 4513 1
2979 4345 1
2979 4344 1
2979 4120 1
2979 3919 1
2979 3808 1
2979 3580 1
2979 3257 1
2979 3217 1
2979 4349 1
2979 4324 1
2979 4134 1
2979 3434 1
2979 3134 1
2979 3055 1
2979 4347 1
2979 4339 1
2979 4122 1
2979 3220 1
2980 3577 1
2985 4035 1
2985 3844 1
2985 3637 1
2985 3433 1
2985 3273 1
2985 3137 1
2985 3093 1
2985 4494 1
2985 4083 1
2985 3010 1
2985 3767 1
2985 3688 1
2985 3110 1
2985 4053 1
2985 4371 1
2985 4020 1
2985 3880 1
2985 3062 1
2985 4021 1
2985 3887 1
2985 3837 1
2985 3533 1
2985 3655 1
2985 3667 1
2985 3531 1
2985 3048 1
2985 3826 1
2985 3449 1
2985 4449 1
2985 4034 1
2985 3513 1
2985 3155 1
2985 3898 1
2985 3532 1
2985 3202 1
2985 4307 1
2985 3902 1
2985 3314 1
2985 3067 1
2985 4592 1
2985 4146 1
2985 4000 1
2985 3742 1
2985 3901 1
2985 3475 1
2986 3549 1
2986 4385 1
2986 4020 1
2986 4393 1
2986 3206 1
2986 3062 1
2986 3475 1
2986 4135 1
2986 3667 1
2986 4021 1
2986 3370 1
2986 4000 1
2986 3531 1
2986 3202 1
2986 3999 1
2986 3233 1
2986 3066 1
2987 4045 1
4116 2989 1
2990 4096 1
4309 2990 1
2990 4089 1
2990 3576 1
2991 3822 1
3545 2999 1
3000 3874 1
3003 3286 1
3003 3361 1
3004 4094 1
3004 3591 1
3005 4577 1
3407 3007 1
3408 3007 1
3008 3252 1
3012 3016 1
3015 3801 1
3015 3115 1
3015 4328 1
3015 3455 1
3015 4500 1
3015 4124 1
3015 3647 1
3015 3344 1
3407 3022 1
3408 3022 1
3407 3023 1
4249 3030 1
3812 3034 1
3268 3036 1
3078 3037 1
4168 3039 1
3042 3040 1
3042 4296 1
3042 3779 1
3044 3043 1
3731 3046 1
3408 3051 1
4016 3053 1
4167 3056 1
4128 3059 1
4091 3061 1
3064 3063 1
3064 3993 1
3545 3066 1
4157 3070 1
3118 3072 1
4206 3074 1
3423 3076 1
4015 3077 1
3078 3170 1
3078 4172 1
3407 3087 1
3408 3087 1
3690 3092 1
3408 3095 1
3408 3099 1
3286 3103 1
3286 3104 1
3106 3169 1
3408 3115 1
3118 4431 1
3118 4494 1
3118 3724 1
3118 3501 1
3118 3388 1
3118 4419 1
3118 3769 1
3407 3119 1
3408 3119 1
3407 3120 1
3407 3121 1
4178 3125 1
3407 3136 1
4252 3138 1
3139 4440 1
3139 4506 1
3139 4456 1
3140 4564 1
3140 4276 1
3140 3429 1
3140 3346 1
3267 3146 1
3268 3146 1
3149 3966 1
3150 3151 1
3150 3152 1
3150 3153 1
3928 3154 1
4379 3157 1
4090 3161 1
4478 3162 1
4148 3163 1
3408 3168 1
3268 3170 1
3553 3171 1
3172 4079 1
3172 4193 1
3172 3398 1
3413 3173 1
3181 4536 1
3181 3534 1
3181 3931 1
3545 3188 1
3812 3189 1
3812 3190 1
3191 3834 1
3194 3466 1
3996 3201 1
4048 3207 1
3208 3520 1
3803 3210 1
3662 3211 1
4534 3212 1
3215 3213 1
3520 3213 1
3227 4108 1
3227 4445 1
3227 3669 1
3407 3230 1
3413 3231 1
3231 3684 1
3232 4107 1
3232 3418 1
3241 3240 1
3248 3415 1
3423 3251 1
4178 3254 1
3254 4234 1
3256 3967 1
4128 3257 1
3408 3257 1
3408 3259 1
3260 3261 1
3260 3596 1
4023 3262 1
3267 3987 1
3267 3668 1
3267 3479 1
3268 4548 1
3268 4130 1
3268 3474 1
3268 4560 1
3268 4137 1
3268 4326 1
3268 3870 1
3268 3909 1
3268 3904 1
3268 3354 1
3268 3350 1
3268 4313 1
3268 3873 1
3268 4568 1
3268 3393 1
3268 4332 1
3268 3923 1
3268 4531 1
3268 3322 1
3268 4361 1
3268 4311 1
3268 3892 1
3268 3621 1
3269 3829 1
4033 3284 1
3520 3288 1
4167 3290 1
4399 3291 1
4395 3292 1
3938 3300 1
3304 3686 1
3319 3372 1
3782 3323 1
3323 3459 1
3328 3952 1
3328 3329 1
3328 4428 1
3331 3332 1
3580 3341 1
4509 3341 1
3464 3342 1
4091 3348 1
3690 3352 1
3803 3357 1
4091 3358 1
4091 3359 1
3795 3360 1
4233 3360 1
3361 3362 1
4460 3363 1
3434 3364 1
3367 3368 1
3368 3369 1
4118 3373 1
3376 3378 1
3376 3377 1
4591 3387 1
4015 3392 1
3402 3691 1
3402 3692 1
4424 3406 1
3407 3496 1
3407 4084 1
3407 4404 1
3407 4417 1
3407 3837 1
3407 4505 1
3407 3574 1
3407 4580 1
3407 3416 1
3407 3674 1
3408 4511 1
3408 4489 1
3408 4083 1
3408 3632 1
3408 4505 1
3408 4205 1
3408 4404 1
3408 4502 1
3408 4084 1
3408 3496 1
3408 4146 1
3408 4202 1
3408 3810 1
3408 3739 1
3408 3843 1
3408 3674 1
3408 3638 1
3408 4580 1
3413 3649 1
3413 3994 1
3413 3559 1
3413 4009 1
4167 3413 1
3413 3595 1
4167 3414 1
3415 3905 1
3974 3417 1
3422 3557 1
3423 4074 1
3423 4119 1
3423 3971 1
3423 3815 1
3423 4044 1
3434 4457 1
3443 3721 1
3443 4216 1
3446 3447 1
3690 3452 1
3797 3453 1
3928 3453 1
4178 3457 1
3924 3459 1
3924 3460 1
3464 3974 1
3464 3949 1
3629 3464 1
3464 3953 1
3464 4586 1
3464 3651 1
3467 3470 1
3467 3468 1
3467 3469 1
3537 3477 1
3587 3482 1
4194 3491 1
3720 3504 1
4110 3511 1
3521 4047 1
3956 3525 1
3812 3528 1
3974 3529 1
4023 3530 1
3533 4292 1
3974 3535 1
3835 3535 1
3537 3538 1
4113 3544 1
3545 3565 1
3545 4166 1
3545 4123 1
3546 3567 1
3548 3771 1
4150 3552 1
3553 3726 1
3812 3560 1
3996 3574 1
3580 3579 1
4514 3579 1
3580 4228 1
3580 4213 1
3580 3968 1
3580 3581 1
3580 3582 1
3580 4225 1
3580 4245 1
3580 4240 1
3580 3811 1
3580 3973 1
3587 3858 1
4067 3594 1
4354 3597 1
4072 3599 1
3605 3604 1
4091 3615 1
4416 3616 1
3631 3624 1
3662 3627 1
3629 4493 1
3631 4331 1
3812 3634 1
3727 3637 1
4178 3639 1
4113 3649 1
3720 3670 1
3680 4469 1
3687 3849 1
3689 4459 1
3690 4206 1
3690 3694 1
3690 4237 1
3690 4236 1
3690 3700 1
3690 3698 1
3690 4238 1
3690 4518 1
3690 4517 1
3690 4507 1
3690 3697 1
3690 3898 1
3690 4235 1
3690 4371 1
3690 3899 1
3694 3691 1
3694 3692 1
3694 3693 1
3694 4239 1
3694 4357 1
3707 3705 1
3720 4429 1
3720 4447 1
3720 3910 1
3735 3734 1
4029 3737 1
4167 3740 1
3996 3741 1
4413 3745 1
4015 3746 1
4413 3752 1
4128 3764 1
4307 3772 1
4148 3774 1
3782 4302 1
4178 3785 1
4178 3786 1
3788 4214 1
3788 3789 1
3788 4213 1
3788 4224 1
3788 4204 1
3788 4240 1
3788 4226 1
3788 4225 1
3788 3948 1
3795 4374 1
3795 4585 1
3795 4207 1
3795 4300 1
3795 4383 1
3795 4318 1
3795 3798 1
3797 3796 1
3797 4297 1
3797 4187 1
3803 4222 1
4249 3805 1
4249 3807 1
3810 4285 1
3835 4028 1
4460 3857 1
4178 3863 1
4181 3868 1
4091 3891 1
4091 3892 1
4091 3893 1
4249 3893 1
4091 3894 1
4424 3894 1
4091 3895 1
4424 3895 1
4091 3896 1
4424 3896 1
4091 3897 1
4091 3898 1
4091 3899 1
4085 3900 1
4148 3906 1
3907 3908 1
4167 3913 1
3915 3916 1
4252 3922 1
3924 3926 1
3924 3927 1
3924 3930 1
3924 4542 1
3924 3925 1
4178 3927 1
3928 4590 1
3938 3937 1
3938 3939 1
3938 3940 1
3938 3941 1
3938 3942 1
3947 3946 1
3956 3954 1
3956 3955 1
3956 4113 1
3956 4543 1
4167 3966 1
3970 3969 1
3996 3995 1
4015 4388 1
4023 4024 1
4029 4295 1
4469 4056 1
4067 4068 1
4085 4515 1
4091 4424 1
4091 4185 1
4091 4131 1
4091 4420 1
4181 4109 1
4127 4443 1
4128 4129 1
4178 4132 1
4178 4134 1
4148 4192 1
4148 4191 1
4148 4547 1
4148 4462 1
4148 4311 1
4148 4177 1
4167 4164 1
4167 4165 1
4252 4174 1
4178 4177 1
4178 4179 1
4178 4587 1
4178 4347 1
4178 4199 1
4178 4330 1
4178 4502 1
4178 4550 1
4178 4332 1
4178 4187 1
4184 4185 1
4223 4189 1
4190 4360 1
4223 4210 1
4514 4212 1
4223 4218 1
4223 4537 1
4223 4507 1
4514 4228 1
4233 4319 1
4514 4236 1
4249 4238 1
4247 4239 1
4514 4245 1
4514 4246 1
4247 4577 1
4249 4252 1
4249 4250 1
4249 4359 1
4249 4531 1
4249 4287 1
4252 4251 1
4252 4255 1
4252 4259 1
4252 4253 1
4269 4256 1
4269 4265 1
4269 4266 1
4269 4267 1
4269 4268 1
4269 4280 1
4269 4270 1
4269 4283 1
4269 4271 1
4478 4298 1
4478 4305 1
4307 4306 1
4309 4308 1
4309 4389 1
4309 4489 1
4309 4334 1
4315 4464 1
4315 4454 1
4478 4327 1
4371 4369 1
4371 4370 1
4379 4377 1
4379 4378 1
4379 4380 1
4379 4381 1
4379 4382 1
4395 4394 1
4399 4402 1
4411 4412 1
4413 4423 1
4413 4467 1
4414 4455 1
4478 4426 1
4478 4437 1
4486 4458 1
4460 4549 1
4478 4479 1
4577 4495 1
4509 4508 1
4514 4573 1
4514 4524 1
4514 4520 1
4514 4519 1
4514 4516 1
4514 4515 1
4514 4518 1
4514 4517 1
4514 4541 1
4534 4535 1
4565 4546 1
4565 4559 1
4571 4563 1
4571 4566 1
4571 4569 1
4571 4582 1
4577 4574 1
