2019 1 1
2019 2 1
3210 2 1
2059 3 1
2019 4 1
4990 5 1
25 6 1
4440 6 1
5259 6 1
25 7 1
4440 7 1
4458 7 1
5259 7 1
2019 8 1
2019 9 1
2019 10 1
3210 10 1
2019 11 1
3210 11 1
4452 11 1
3061 12 1
3286 12 1
4145 12 1
4323 12 1
2019 13 1
3210 13 1
4452 13 1
2939 14 1
5259 15 1
704 16 1
3448 16 1
5259 17 1
3638 18 1
4976 18 1
2278 19 1
4318 19 1
5259 19 1
2278 20 1
4318 20 1
5259 20 1
27 21 1
2278 21 1
4318 22 1
5259 22 1
4318 23 1
713 24 1
4964 24 1
25 27 1
25 40 1
2019 25 1
25 3154 1
25 4440 1
25 4609 1
25 4956 1
25 4957 1
25 4973 1
25 5322 1
25 5330 1
25 5332 1
27 26 1
3638 26 1
4976 26 1
27 28 1
27 42 1
27 3196 1
27 3246 1
27 3247 1
4145 27 1
27 4440 1
3972 28 1
3638 29 1
4440 29 1
3210 30 1
3638 31 1
4976 31 1
2019 32 1
3210 32 1
5259 33 1
5259 34 1
4318 35 1
2019 36 1
3210 36 1
4145 37 1
2019 38 1
3210 38 1
2019 39 1
5259 40 1
5259 41 1
4440 42 1
1891 43 1
4964 43 1
2206 44 1
4964 45 1
4964 46 1
5259 46 1
1891 47 1
4964 47 1
1891 48 1
4964 48 1
1891 49 1
4964 49 1
5259 49 1
4964 50 1
4964 51 1
1891 52 1
4964 52 1
1891 53 1
1897 53 1
4964 53 1
4964 54 1
5259 54 1
1891 55 1
4964 55 1
1891 56 1
1897 56 1
4964 56 1
5259 56 1
3210 57 1
4908 58 1
2278 59 1
3638 59 1
3062 60 1
3440 60 1
4908 61 1
62 63 1
62 1686 1
2206 62 1
2311 63 1
4908 64 1
2019 65 1
2019 66 1
1916 67 1
2293 67 1
3335 68 1
4139 68 1
1916 69 1
2278 70 1
2533 71 1
1015 72 1
2848 72 1
1454 73 1
1232 74 1
2949 75 1
1584 76 1
1715 77 1
2623 77 1
455 78 1
79 2205 1
2002 80 1
3638 81 1
2614 82 1
2019 83 1
383 84 1
3095 84 1
2020 85 1
2908 86 1
2325 87 1
3202 88 1
383 89 1
105 90 1
2125 91 1
5051 92 1
3124 93 1
889 94 1
2125 94 1
4362 95 1
3638 96 1
491 97 1
4356 97 1
5219 97 1
98 187 1
98 235 1
98 372 1
98 743 1
98 760 1
98 774 1
98 1036 1
98 1190 1
98 1234 1
98 1293 1
98 1629 1
98 1639 1
98 2011 1
98 2034 1
98 2776 1
98 2800 1
98 2806 1
98 2950 1
98 3054 1
98 3329 1
98 3647 1
98 3685 1
98 3715 1
98 4066 1
98 4739 1
98 4856 1
98 4911 1
3095 99 1
3095 100 1
705 101 1
2269 102 1
2278 102 1
5219 103 1
5184 104 1
105 191 1
105 447 1
105 1326 1
105 2283 1
105 2708 1
105 2711 1
105 2722 1
105 2838 1
105 2956 1
105 3290 1
105 3358 1
105 3405 1
105 3865 1
105 4505 1
383 106 1
5219 106 1
1490 107 1
3539 108 1
2623 109 1
2494 110 1
3050 111 1
2683 112 1
3095 113 1
3638 114 1
5219 115 1
4552 116 1
3440 117 1
2269 118 1
246 119 1
5219 119 1
491 120 1
4356 120 1
5219 120 1
383 121 1
491 121 1
4356 121 1
5219 121 1
2310 122 1
491 123 1
1011 123 1
2607 124 1
3286 125 1
3335 126 1
3453 127 1
1438 128 1
3202 128 1
3449 128 1
1793 129 1
2100 129 1
3335 130 1
2019 131 1
2860 131 1
2278 132 1
3448 133 1
3863 133 1
134 1635 1
2206 134 1
134 2670 1
3972 134 1
3973 134 1
724 135 1
2421 135 1
2294 136 1
3863 137 1
822 138 1
4145 139 1
1734 140 1
2293 141 1
2533 141 1
2020 142 1
4356 143 1
4746 144 1
344 145 1
429 145 1
2294 146 1
3061 147 1
3062 147 1
2278 148 1
3095 149 1
628 150 1
3050 151 1
3051 151 1
4146 152 1
3440 153 1
4146 154 1
3050 155 1
479 156 1
156 3793 1
1916 157 1
3061 157 1
1916 158 1
3335 158 1
2019 159 1
3972 160 1
2416 161 1
1032 162 1
3095 162 1
2849 163 1
724 164 1
1200 164 1
2421 164 1
4793 165 1
3449 166 1
3448 167 1
4855 167 1
3095 168 1
4908 169 1
2206 170 1
4793 171 1
3638 172 1
4710 173 1
2633 174 1
2132 175 1
3972 176 1
177 2105 1
5223 178 1
724 179 1
3062 180 1
181 259 1
181 315 1
1438 182 1
2848 183 1
724 184 1
2421 184 1
1011 185 1
2019 186 1
4869 187 1
2314 188 1
3095 189 1
4252 190 1
704 192 1
3638 193 1
194 1616 1
194 3070 1
194 3679 1
4908 195 1
3474 196 1
491 197 1
4356 197 1
5219 197 1
1916 198 1
2004 198 1
4146 199 1
2278 200 1
2278 201 1
2325 202 1
3095 203 1
2643 204 1
1572 205 1
4165 206 1
246 207 1
383 207 1
5219 207 1
2019 208 1
2908 209 1
5219 210 1
383 211 1
5049 212 1
3095 213 1
3539 214 1
215 1411 1
215 2392 1
215 4260 1
215 4825 1
921 216 1
1131 216 1
217 757 1
217 800 1
2763 217 1
217 2938 1
217 3157 1
217 4074 1
217 4075 1
3061 218 1
3638 219 1
3095 220 1
1159 221 1
1159 222 1
1438 223 1
1592 224 1
225 1717 1
225 2040 1
2119 225 1
225 2505 1
225 2903 1
383 226 1
491 226 1
5219 226 1
2100 227 1
3061 228 1
610 229 1
3062 229 1
2019 230 1
3613 230 1
724 231 1
1200 231 1
3863 232 1
4005 232 1
4323 233 1
234 463 1
234 1061 1
234 2443 1
234 2833 1
234 3047 1
234 4433 1
3061 236 1
2132 237 1
3064 237 1
1261 238 1
1981 239 1
3095 239 1
3095 240 1
2020 241 1
3060 242 1
3545 242 1
3613 243 1
1015 244 1
2125 245 1
246 343 1
246 345 1
246 407 1
246 668 1
246 969 1
246 1258 1
246 1306 1
246 1467 1
246 1476 1
246 1480 1
246 3473 1
246 3630 1
246 3781 1
246 4065 1
5219 246 1
5219 247 1
248 2017 1
4146 248 1
852 249 1
4452 250 1
3429 251 1
283 252 1
5145 253 1
2763 254 1
2020 255 1
383 256 1
491 256 1
5219 256 1
3448 257 1
3095 258 1
491 260 1
5219 260 1
5219 261 1
383 262 1
1261 263 1
2241 263 1
2310 263 1
2282 264 1
3095 264 1
1261 265 1
3062 266 1
3287 267 1
4172 268 1
2125 269 1
3061 270 1
1159 271 1
705 272 1
3095 273 1
1438 274 1
2310 275 1
2311 275 1
3449 275 1
4775 275 1
2278 276 1
2511 276 1
2020 277 1
278 402 1
278 524 1
278 639 1
278 645 1
278 1344 1
2125 278 1
2126 278 1
278 2535 1
278 3561 1
278 3615 1
278 3983 1
278 3986 1
278 4097 1
278 4677 1
278 5017 1
278 5211 1
278 5267 1
278 5268 1
278 5269 1
278 5270 1
2324 279 1
4697 279 1
1438 280 1
281 1015 1
281 2125 1
281 2334 1
281 3855 1
281 4132 1
2849 282 1
283 2348 1
283 3838 1
3287 284 1
4719 285 1
2416 286 1
3060 287 1
3638 288 1
3448 289 1
3777 290 1
705 291 1
705 292 1
1678 292 1
3095 292 1
383 293 1
4710 294 1
1231 295 1
5156 296 1
2019 297 1
4864 297 1
4864 298 1
1140 299 1
4832 299 1
2943 300 1
1159 301 1
1261 302 1
4146 302 1
491 303 1
5219 303 1
3638 304 1
610 305 1
2848 305 1
5219 306 1
491 307 1
5219 307 1
4719 308 1
2020 309 1
491 310 1
2325 311 1
3863 312 1
3095 313 1
705 314 1
315 814 1
315 1239 1
315 1265 1
2346 315 1
3420 315 1
2125 316 1
3026 316 1
2019 317 1
317 3392 1
1415 318 1
1416 318 1
3719 319 1
2311 320 1
713 321 1
3448 321 1
889 322 1
921 322 1
4146 323 1
3377 324 1
3095 325 1
2623 326 1
3062 327 1
3448 327 1
4356 328 1
3095 329 1
1231 330 1
3095 330 1
3377 331 1
2254 332 1
2293 332 1
2294 332 1
3860 333 1
2731 334 1
4146 334 1
335 388 1
335 2748 1
335 5152 1
4648 336 1
1960 337 1
3095 338 1
2294 339 1
4822 339 1
383 340 1
833 340 1
610 341 1
3095 342 1
343 1205 1
343 2060 1
343 3862 1
343 4850 1
344 637 1
344 1022 1
344 1040 1
344 1116 1
344 1296 1
344 1508 1
344 1533 1
344 2116 1
2170 344 1
344 2657 1
344 2813 1
344 3432 1
344 3514 1
344 3732 1
346 3755 1
346 4084 1
5203 346 1
3448 347 1
3287 348 1
3739 349 1
2533 350 1
1789 351 1
2025 352 1
704 353 1
1306 354 1
355 2821 1
3286 355 1
3090 356 1
2934 357 1
5221 358 1
2664 359 1
4710 360 1
3818 361 1
704 362 1
705 362 1
4015 363 1
2313 364 1
2314 364 1
2933 364 1
2934 364 1
724 365 1
2421 365 1
2278 366 1
2933 367 1
1415 368 1
3976 369 1
2019 370 1
2020 370 1
4454 371 1
1678 372 1
2325 373 1
2633 373 1
4305 374 1
2125 375 1
383 376 1
799 377 1
378 379 1
3095 379 1
3111 380 1
2421 381 1
3287 382 1
4793 382 1
383 500 1
383 570 1
383 631 1
383 669 1
383 696 1
705 383 1
383 714 1
383 718 1
383 1003 1
383 1008 1
383 1010 1
383 1180 1
383 1287 1
383 1328 1
383 1354 1
383 1484 1
383 1631 1
383 1642 1
383 1795 1
383 1974 1
383 2096 1
383 2164 1
383 2176 1
383 2222 1
383 2646 1
383 2696 1
383 2742 1
383 2784 1
383 2801 1
383 2910 1
383 3094 1
383 3122 1
3286 383 1
383 3385 1
383 3517 1
383 3844 1
383 3965 1
383 4154 1
383 4163 1
383 4224 1
383 4493 1
383 4685 1
383 4701 1
4736 383 1
383 4741 1
383 4757 1
383 4778 1
383 4782 1
383 4828 1
383 4852 1
383 4880 1
383 4888 1
383 5214 1
2351 384 1
3545 385 1
385 4416 1
610 386 1
429 387 1
1519 387 1
1261 389 1
2848 390 1
391 400 1
391 1038 1
427 392 1
2933 393 1
2293 394 1
3451 395 1
3095 396 1
2723 397 1
4146 398 1
2731 399 1
2308 400 1
705 401 1
3095 401 1
2020 403 1
1232 404 1
427 405 1
406 1929 1
406 2271 1
406 3370 1
3613 406 1
406 3853 1
491 407 1
5219 407 1
4356 408 1
3448 409 1
2125 410 1
3440 410 1
491 411 1
5219 411 1
3095 412 1
2019 413 1
2019 414 1
2979 414 1
5219 415 1
3441 416 1
975 417 1
2325 418 1
3095 419 1
3574 420 1
2015 421 1
422 2086 1
422 2312 1
2933 422 1
3061 422 1
422 3631 1
422 3761 1
852 423 1
1789 424 1
2933 424 1
2269 425 1
1356 426 1
2269 426 1
427 493 1
427 509 1
427 754 1
427 779 1
427 1370 1
427 1995 1
427 2361 1
427 2441 1
427 2734 1
427 3300 1
427 3479 1
427 3797 1
427 4160 1
427 4180 1
427 4394 1
427 4881 1
1064 428 1
429 548 1
429 723 1
429 762 1
429 796 1
429 947 1
429 1123 1
429 1330 1
429 1538 1
429 1951 1
429 1953 1
429 2432 1
429 2552 1
429 2659 1
429 2981 1
429 2987 1
3335 429 1
3972 429 1
429 3986 1
429 4006 1
429 4275 1
429 4276 1
429 4522 1
429 4588 1
429 4613 1
429 4797 1
429 4823 1
429 4886 1
3545 430 1
1498 431 1
3545 431 1
3440 432 1
2849 433 1
3539 434 1
2020 435 1
2357 436 1
2814 436 1
5219 437 1
3613 438 1
3095 439 1
4530 439 1
1641 440 1
5219 441 1
2980 442 1
4468 443 1
2278 444 1
2278 445 1
2207 446 1
3402 446 1
2294 448 1
3095 449 1
2278 450 1
4145 451 1
455 452 1
4202 452 1
1794 453 1
2310 453 1
454 1587 1
454 2293 1
454 2680 1
454 4216 1
454 4237 1
455 689 1
455 701 1
455 1084 1
455 1272 1
1579 455 1
455 2662 1
455 2900 1
455 3293 1
455 3654 1
455 3811 1
455 4945 1
455 5082 1
455 5143 1
4697 456 1
2020 457 1
4146 458 1
3335 459 1
2059 460 1
3061 461 1
3061 462 1
2416 464 1
1979 465 1
2000 466 1
713 467 1
2731 468 1
2294 469 1
491 470 1
471 3340 1
3459 471 1
4509 472 1
4770 472 1
4798 473 1
705 474 1
3448 475 1
4798 475 1
4799 475 1
476 1033 1
476 1670 1
476 3584 1
3860 476 1
4356 477 1
1261 478 1
479 1062 1
479 1237 1
479 1446 1
479 1519 1
479 3301 1
2979 480 1
2980 480 1
1386 481 1
3510 481 1
4740 481 1
506 482 1
2455 483 1
1416 484 1
1498 485 1
2019 486 1
2020 486 1
4145 487 1
2019 488 1
2979 488 1
2980 488 1
4727 488 1
2310 489 1
724 490 1
2421 490 1
491 653 1
491 706 1
491 755 1
491 1011 1
491 1089 1
491 1125 1
491 1179 1
491 1432 1
491 1529 1
491 1615 1
491 1633 1
491 1694 1
491 1980 1
491 1987 1
491 2031 1
491 2266 1
491 2388 1
491 2716 1
491 2739 1
491 2777 1
491 2834 1
491 2963 1
491 3104 1
491 3276 1
491 3699 1
491 3768 1
491 4102 1
491 4212 1
491 4264 1
491 4266 1
491 4269 1
491 4356 1
491 4536 1
491 4538 1
491 4585 1
491 4876 1
491 4941 1
491 5219 1
2933 492 1
5170 492 1
3095 493 1
3638 494 1
5166 495 1
2025 496 1
4239 497 1
2100 498 1
2020 499 1
501 4938 1
3638 502 1
2019 503 1
2979 503 1
2980 503 1
2849 504 1
3448 505 1
506 573 1
506 1174 1
506 1278 1
506 1609 1
506 1625 1
506 2324 1
506 2448 1
506 2481 1
506 2791 1
506 3519 1
506 3559 1
506 4380 1
506 4914 1
506 5207 1
506 5300 1
1415 507 1
2156 508 1
705 510 1
1678 510 1
4356 511 1
4468 512 1
3209 513 1
3335 514 1
4864 514 1
1415 515 1
1416 515 1
2310 515 1
3061 516 1
517 640 1
517 2595 1
517 4554 1
517 5055 1
2019 518 1
2310 518 1
2019 519 1
2019 520 1
2310 520 1
2310 521 1
2311 521 1
2310 522 1
3637 522 1
3062 523 1
1415 524 1
2322 525 1
2980 526 1
2943 527 1
3420 528 1
3637 528 1
5221 529 1
901 530 1
1011 530 1
4976 531 1
2132 532 1
4146 533 1
3449 534 1
3440 535 1
712 536 1
2943 537 1
3095 538 1
3095 539 1
3335 540 1
4194 540 1
4710 541 1
3599 542 1
3449 543 1
3613 543 1
3613 544 1
3064 545 1
3448 545 1
3449 545 1
545 4917 1
3335 546 1
684 547 1
548 942 1
548 3106 1
548 3846 1
3335 549 1
1858 550 1
3574 551 1
3972 552 1
3973 552 1
4249 553 1
2277 554 1
2019 555 1
2278 555 1
2346 556 1
3060 557 1
5219 558 1
559 560 1
559 605 1
559 777 1
559 1193 1
559 1447 1
559 1986 1
559 2723 1
559 2961 1
559 3622 1
3638 559 1
559 3854 1
559 4258 1
559 5161 1
2656 560 1
3286 560 1
2310 561 1
2849 562 1
2019 563 1
975 564 1
3440 565 1
2237 566 1
2848 566 1
2849 566 1
3440 566 1
4710 567 1
3286 568 1
1064 569 1
2633 569 1
2019 571 1
2310 572 1
2311 572 1
574 1590 1
3456 574 1
3539 575 1
4806 576 1
655 577 1
578 1981 1
578 3992 1
2025 579 1
2293 580 1
4648 581 1
2025 582 1
3287 583 1
3465 584 1
2019 585 1
3062 585 1
2019 586 1
2020 586 1
4244 587 1
2025 588 1
2589 589 1
2020 590 1
1946 591 1
3386 591 1
2849 592 1
4806 592 1
628 593 1
2020 593 1
2000 594 1
4165 595 1
3095 596 1
3449 597 1
1416 598 1
2100 598 1
4793 599 1
3095 600 1
4793 601 1
2278 602 1
3286 603 1
2278 604 1
5219 606 1
2217 607 1
3202 608 1
2156 609 1
610 1074 1
610 1169 1
610 2446 1
610 2762 1
610 2999 1
610 3011 1
610 3121 1
610 3347 1
610 3382 1
610 3433 1
610 3722 1
610 3774 1
610 4186 1
610 4190 1
610 4191 1
610 4730 1
610 4806 1
610 5173 1
610 5235 1
2941 611 1
2020 612 1
2933 613 1
613 4111 1
1793 614 1
2100 614 1
2979 615 1
2979 616 1
2980 616 1
3175 616 1
1160 617 1
879 618 1
2607 619 1
1916 620 1
2589 621 1
724 622 1
863 623 1
2664 624 1
998 625 1
1613 626 1
1261 627 1
3095 627 1
628 890 1
628 892 1
628 1150 1
628 1461 1
628 1801 1
628 2095 1
628 2605 1
628 2990 1
3539 628 1
629 836 1
1207 629 1
629 2203 1
629 3314 1
629 3578 1
629 4382 1
629 4506 1
2278 630 1
3688 631 1
2278 632 1
2278 633 1
5219 634 1
2293 635 1
2294 635 1
2941 636 1
2943 636 1
4832 638 1
3449 639 1
4146 641 1
2347 642 1
4249 643 1
2943 644 1
645 977 1
1361 645 1
645 1988 1
645 2263 1
645 3786 1
645 3871 1
645 4185 1
3638 646 1
3027 647 1
1361 648 1
1044 649 1
2170 650 1
4770 650 1
3451 651 1
1159 652 1
5219 653 1
2206 654 1
655 839 1
655 1353 1
2294 655 1
655 2709 1
655 3744 1
2943 656 1
1112 657 1
3061 657 1
3062 657 1
2294 658 1
2293 659 1
2711 659 1
1979 660 1
2278 661 1
1015 662 1
2293 662 1
2294 662 1
663 1495 1
663 3789 1
663 4101 1
663 4288 1
3448 664 1
2293 665 1
2294 665 1
2293 666 1
835 667 1
4043 667 1
3095 669 1
4211 670 1
3286 671 1
3095 672 1
5219 673 1
2908 674 1
705 675 1
2693 675 1
675 3158 1
3562 676 1
957 677 1
1030 677 1
1046 678 1
704 679 1
705 679 1
704 680 1
3095 681 1
704 682 1
705 682 1
3386 682 1
2417 683 1
684 1856 1
684 4877 1
2933 685 1
3286 685 1
1479 686 1
2585 687 1
3449 688 1
3449 689 1
3062 690 1
4146 691 1
4356 692 1
1371 693 1
2237 693 1
4249 694 1
4356 695 1
2908 697 1
697 2945 1
2313 698 1
2217 699 1
5199 700 1
2020 702 1
3449 702 1
2272 703 1
3863 703 1
704 730 1
704 731 1
704 858 1
704 1385 1
704 1950 1
2206 704 1
704 2457 1
704 2780 1
704 3291 1
704 3408 1
704 3603 1
704 3608 1
704 3753 1
704 3970 1
704 4091 1
704 4161 1
704 4164 1
704 4267 1
704 4359 1
704 4555 1
704 5144 1
704 5318 1
704 5320 1
704 5321 1
705 730 1
705 806 1
705 973 1
705 1126 1
705 1163 1
705 1213 1
705 1359 1
705 1489 1
705 1532 1
705 1649 1
705 1651 1
705 2055 1
705 2149 1
705 2205 1
705 2299 1
705 2678 1
705 2733 1
705 2756 1
705 2779 1
705 2825 1
705 2978 1
705 3054 1
705 3408 1
705 3416 1
705 3422 1
705 3442 1
705 3559 1
705 3593 1
705 3603 1
705 3690 1
705 3727 1
705 3785 1
705 3823 1
705 4121 1
705 4161 1
705 4385 1
705 4394 1
705 4854 1
705 5144 1
705 5195 1
705 5318 1
705 5319 1
705 5320 1
705 5321 1
1592 707 1
2125 708 1
4793 709 1
2125 710 1
2126 710 1
2125 711 1
712 1176 1
713 737 1
713 912 1
713 1210 1
713 1557 1
713 1558 1
713 1559 1
713 1838 1
713 1872 1
713 2406 1
713 2842 1
713 2843 1
713 2888 1
713 2889 1
713 2908 1
713 3183 1
713 3241 1
713 3636 1
713 4070 1
713 4840 1
713 4998 1
713 4999 1
713 5000 1
713 5001 1
713 5002 1
713 5003 1
713 5004 1
713 5005 1
713 5014 1
4356 715 1
1498 716 1
4249 716 1
3095 717 1
5219 718 1
724 719 1
1969 720 1
3613 720 1
3448 721 1
3863 721 1
1579 722 1
3637 723 1
724 987 1
724 1128 1
724 1200 1
724 1285 1
724 1341 1
724 1367 1
724 1427 1
724 1436 1
724 1535 1
724 2151 1
724 2174 1
724 2189 1
724 2190 1
724 2220 1
724 2421 1
724 2426 1
724 2688 1
724 2757 1
724 2782 1
724 2837 1
724 3034 1
724 3053 1
724 3313 1
724 3701 1
724 3784 1
724 3820 1
724 3821 1
724 3837 1
724 4007 1
724 4124 1
724 4415 1
724 4478 1
724 4509 1
724 4520 1
724 4796 1
724 4867 1
3660 725 1
3574 726 1
3989 727 1
2908 728 1
3449 728 1
1438 729 1
4145 730 1
4485 730 1
732 3560 1
3124 733 1
2278 734 1
4468 735 1
2020 736 1
2020 737 1
2019 738 1
2020 738 1
1416 739 1
3448 739 1
2019 740 1
2979 740 1
741 1097 1
2254 741 1
741 3391 1
3448 742 1
3863 742 1
1800 744 1
2125 745 1
4736 746 1
1415 747 1
748 824 1
1415 748 1
748 4423 1
1402 749 1
753 750 1
753 751 1
753 752 1
854 752 1
3448 752 1
1140 753 1
753 1512 1
2848 753 1
753 3064 1
3440 753 1
753 4366 1
3286 754 1
4697 756 1
4799 758 1
5170 758 1
759 4802 1
3095 761 1
2020 763 1
2020 764 1
1991 765 1
2310 766 1
4896 767 1
2181 768 1
3638 769 1
770 1828 1
770 3515 1
4146 771 1
2294 772 1
2310 773 1
2311 773 1
3117 775 1
775 5007 1
2310 776 1
5166 777 1
1821 778 1
3637 779 1
1891 780 1
1891 781 1
4318 781 1
1897 782 1
1891 783 1
1891 784 1
796 785 1
1891 785 1
4964 785 1
1891 786 1
2683 786 1
1897 787 1
2314 788 1
3061 788 1
1891 789 1
1891 790 1
3638 790 1
3638 791 1
1891 792 1
1897 792 1
4964 792 1
1891 793 1
4964 793 1
2019 794 1
1891 795 1
4964 795 1
2294 797 1
2941 797 1
1416 798 1
2731 798 1
799 4175 1
2939 800 1
1416 801 1
2933 802 1
4356 803 1
5219 804 1
2875 805 1
2020 807 1
807 3878 1
3209 808 1
2025 809 1
1794 810 1
811 1074 1
811 1942 1
811 2942 1
811 2993 1
811 4119 1
811 5180 1
1507 812 1
2633 813 1
5156 813 1
3095 815 1
2020 816 1
2310 816 1
2313 816 1
5219 817 1
2933 818 1
2934 818 1
3972 819 1
3973 819 1
1415 820 1
1416 820 1
2206 820 1
3964 821 1
822 1963 1
2020 822 1
822 2763 1
822 2930 1
2933 822 1
822 3979 1
822 4207 1
822 4337 1
3287 823 1
3964 823 1
2933 824 1
2934 824 1
1415 825 1
1416 825 1
2934 825 1
3287 825 1
3964 826 1
3964 827 1
3973 828 1
2943 829 1
4838 830 1
1361 831 1
975 832 1
833 1285 1
4249 834 1
835 1493 1
835 1715 1
835 1752 1
835 1821 1
835 1839 1
835 3873 1
835 3956 1
4043 835 1
835 4249 1
835 4632 1
835 4656 1
835 4662 1
835 5338 1
2311 836 1
2310 837 1
2311 837 1
4662 838 1
839 1509 1
3335 840 1
3062 841 1
3287 842 1
1159 843 1
4964 844 1
5219 845 1
2294 846 1
852 847 1
3393 848 1
3440 849 1
3842 849 1
2533 850 1
2533 851 1
852 853 1
852 2135 1
852 2638 1
852 3359 1
852 3579 1
2100 853 1
2206 853 1
854 1364 1
2019 854 1
3286 855 1
3287 855 1
1946 856 1
3386 856 1
1946 857 1
3386 857 1
2763 859 1
3062 859 1
5170 860 1
1946 861 1
2329 861 1
3287 861 1
3386 861 1
1363 862 1
863 1754 1
863 2744 1
863 4364 1
2278 864 1
864 2338 1
864 2743 1
864 3565 1
864 4057 1
864 4566 1
864 4732 1
864 5320 1
2278 865 1
2278 866 1
2207 867 1
2025 868 1
869 2436 1
869 4731 1
869 4773 1
869 5203 1
2100 870 1
5259 871 1
5259 872 1
2019 873 1
2003 874 1
3448 875 1
3210 876 1
1131 877 1
3440 877 1
5221 878 1
879 3669 1
879 3670 1
879 4447 1
879 5127 1
3638 880 1
3539 881 1
4454 882 1
883 4194 1
883 4607 1
883 4974 1
883 5084 1
3210 884 1
2019 885 1
2019 886 1
3700 887 1
1891 888 1
889 1064 1
889 1831 1
889 1855 1
889 3039 1
889 4012 1
889 4727 1
2025 891 1
3638 892 1
1415 893 1
3545 894 1
3335 895 1
2494 896 1
4724 896 1
3539 897 1
957 898 1
2633 898 1
899 1526 1
899 1613 1
899 4153 1
2934 900 1
4711 901 1
3174 902 1
1864 903 1
1742 904 1
3166 905 1
4697 906 1
4468 907 1
909 908 1
909 910 1
2849 909 1
3061 910 1
3061 911 1
1734 912 1
1916 913 1
4908 913 1
4908 914 1
3875 915 1
2125 916 1
3875 916 1
917 1777 1
917 1780 1
917 1792 1
917 2297 1
917 2603 1
917 3499 1
917 3587 1
917 3873 1
917 3924 1
4043 917 1
4908 918 1
4145 919 1
4145 920 1
4603 920 1
921 1049 1
2848 921 1
3572 921 1
2763 922 1
3061 923 1
3202 923 1
2473 924 1
1231 925 1
2623 926 1
4466 927 1
2278 928 1
3973 929 1
1416 930 1
5342 930 1
3202 931 1
3972 932 1
3440 933 1
934 935 1
934 949 1
934 1685 1
2059 935 1
2278 935 1
4374 936 1
3806 937 1
3335 938 1
4908 938 1
4335 939 1
4908 939 1
2494 940 1
3393 941 1
1458 943 1
5156 944 1
945 1090 1
945 2298 1
945 4077 1
945 4246 1
1383 946 1
2933 947 1
2934 947 1
2941 948 1
2941 950 1
2683 951 1
2206 952 1
2311 953 1
4454 954 1
3440 955 1
957 956 1
2533 956 1
957 1641 1
957 1798 1
957 1977 1
957 2633 1
957 2712 1
957 2764 1
957 2785 1
957 3025 1
957 3692 1
3051 958 1
1231 959 1
3050 959 1
1044 960 1
3061 961 1
3062 961 1
2848 962 1
2849 962 1
3440 962 1
1416 963 1
2979 963 1
2980 963 1
3061 963 1
3062 963 1
964 965 1
1415 964 1
2980 964 1
1415 965 1
1416 965 1
4340 965 1
3061 966 1
3062 966 1
3440 966 1
1415 967 1
1416 967 1
2849 967 1
3061 967 1
3062 967 1
3440 967 1
2589 968 1
1962 970 1
1969 971 1
4697 972 1
3448 974 1
3449 974 1
975 981 1
975 1124 1
975 1348 1
975 2004 1
975 2023 1
975 2668 1
975 3032 1
975 3334 1
975 3390 1
975 3571 1
975 3748 1
975 3752 1
975 3772 1
975 4764 1
975 4783 1
4918 976 1
3440 978 1
2417 979 1
3562 980 1
2310 982 1
5239 983 1
3286 984 1
2941 985 1
4795 985 1
4822 986 1
5156 986 1
4249 988 1
3448 989 1
3973 989 1
3451 990 1
4356 990 1
3972 991 1
3448 992 1
2132 993 1
3167 994 1
994 3852 1
995 1528 1
995 2239 1
2019 996 1
3095 997 1
998 1288 1
998 1630 1
998 1984 1
998 2823 1
998 3424 1
1232 999 1
4151 999 1
3863 1000 1
2310 1001 1
5219 1002 1
5219 1003 1
2980 1004 1
3972 1005 1
2278 1006 1
2278 1007 1
5219 1008 1
3972 1009 1
3973 1009 1
1011 1470 1
1011 1477 1
1011 2556 1
1011 2766 1
1011 2783 1
1011 3089 1
1011 4484 1
1011 4785 1
1011 4787 1
1011 5123 1
1012 2037 1
2347 1012 1
1012 3536 1
3976 1013 1
1916 1014 1
4933 1014 1
1015 1229 1
1015 1657 1
1015 3105 1
1015 3126 1
2278 1016 1
1793 1017 1
3135 1018 1
2206 1019 1
2980 1020 1
3613 1021 1
1891 1023 1
3124 1024 1
4864 1024 1
1891 1025 1
1891 1026 1
3420 1026 1
3109 1027 1
3448 1028 1
4635 1029 1
1030 1251 1
1030 1714 1
1030 1782 1
1030 2520 1
1030 3446 1
1030 4372 1
4356 1031 1
1032 2064 1
1032 2335 1
1032 4712 1
1032 5169 1
2943 1034 1
3972 1035 1
2656 1037 1
1242 1038 1
5219 1039 1
3271 1040 1
3817 1041 1
4838 1041 1
2019 1042 1
2020 1042 1
4021 1042 1
2019 1043 1
2020 1043 1
1044 1384 1
1044 1868 1
1044 2841 1
1044 3137 1
1044 4699 1
2633 1045 1
1046 3225 1
1046 3226 1
1046 3901 1
1046 4660 1
2217 1047 1
4277 1047 1
3095 1048 1
4530 1048 1
3572 1049 1
4244 1049 1
5164 1050 1
4165 1051 1
2311 1052 1
3448 1052 1
2711 1053 1
3539 1054 1
2293 1055 1
1056 1339 1
3095 1057 1
4146 1058 1
2933 1059 1
2934 1059 1
5219 1060 1
1061 1577 1
2269 1063 1
2278 1063 1
1064 1592 1
1064 2713 1
1064 4120 1
4146 1065 1
3095 1066 1
3062 1067 1
1107 1068 1
5219 1068 1
2310 1069 1
3448 1070 1
3863 1070 1
3090 1071 1
2125 1072 1
2059 1073 1
2849 1075 1
3449 1076 1
3449 1077 1
1078 1496 1
1078 2343 1
1078 5192 1
1078 5261 1
3448 1079 1
3449 1079 1
1274 1080 1
2207 1081 1
5051 1082 1
4710 1083 1
3719 1084 1
3973 1085 1
3287 1086 1
4509 1087 1
4806 1088 1
4736 1089 1
2417 1091 1
3335 1092 1
4908 1092 1
3062 1093 1
1789 1094 1
3095 1095 1
2665 1096 1
3448 1096 1
3973 1097 1
3449 1098 1
4356 1099 1
3989 1100 1
1696 1101 1
1415 1102 1
1498 1102 1
4249 1102 1
2294 1103 1
3539 1103 1
4458 1103 1
3420 1104 1
4908 1104 1
2417 1105 1
2416 1106 1
2417 1106 1
3440 1106 1
1107 1295 1
1107 1569 1
1107 1674 1
1107 2167 1
1107 2804 1
1107 3036 1
1107 3470 1
1107 3471 1
1107 3697 1
1107 4166 1
1107 4392 1
1107 4879 1
2311 1108 1
1490 1109 1
2643 1110 1
3287 1111 1
1112 2306 1
3202 1113 1
3335 1114 1
1969 1115 1
3613 1115 1
3070 1117 1
2099 1118 1
2125 1119 1
3613 1120 1
3638 1121 1
1578 1122 1
1123 3350 1
1123 3417 1
1127 1968 1
1127 2429 1
1127 4690 1
2723 1129 1
3638 1130 1
1131 1626 1
1131 2543 1
1131 3663 1
1131 4328 1
3062 1132 1
3109 1133 1
2277 1134 1
2278 1134 1
2980 1134 1
3111 1135 1
2933 1136 1
3449 1136 1
2933 1137 1
2025 1138 1
3599 1139 1
1140 2272 1
3064 1140 1
1140 4895 1
2723 1141 1
1821 1142 1
3062 1142 1
1458 1143 1
5203 1143 1
2015 1144 1
1145 1715 1
3420 1146 1
3335 1147 1
3227 1148 1
2313 1149 1
1152 1151 1
2311 1151 1
1152 1520 1
1152 5301 1
2324 1153 1
4356 1154 1
3976 1155 1
2533 1156 1
2633 1156 1
5219 1157 1
5219 1158 1
1159 1187 1
1159 1326 1
1159 1335 1
1159 1336 1
1159 1383 1
1159 1523 1
1159 1983 1
1159 2057 1
1159 2305 1
1159 2913 1
1159 3001 1
1159 3101 1
1159 3131 1
1159 3396 1
1159 3411 1
1159 3476 1
1159 3611 1
1159 3773 1
1159 3776 1
3860 1159 1
1159 3985 1
1159 4143 1
1159 4274 1
1159 4690 1
1159 4696 1
1159 4735 1
1159 4878 1
1159 4952 1
1159 5189 1
1159 5236 1
1160 1261 1
1160 1279 1
1160 1335 1
1160 1751 1
1160 1882 1
1160 2057 1
1160 2526 1
1160 3101 1
1160 3289 1
1160 3291 1
1160 3396 1
1160 3588 1
1160 3611 1
1160 3732 1
1160 3828 1
1160 4142 1
1160 4143 1
1160 4508 1
1160 4540 1
1160 4615 1
1160 4673 1
1160 4952 1
1160 5036 1
1160 5037 1
1160 5120 1
1160 5179 1
1160 5216 1
1160 5236 1
5219 1161 1
5219 1162 1
2954 1164 1
4146 1165 1
3613 1166 1
2294 1167 1
1231 1168 1
3972 1169 1
3613 1170 1
2020 1171 1
4697 1172 1
1415 1173 1
4362 1174 1
3972 1175 1
2100 1176 1
1416 1177 1
2100 1177 1
2020 1178 1
2019 1181 1
1347 1182 1
2000 1183 1
3973 1184 1
2933 1185 1
2019 1186 1
2979 1186 1
2980 1186 1
2310 1187 1
3972 1188 1
2294 1189 1
2787 1189 1
3453 1189 1
4615 1189 1
1191 2017 1
1969 1192 1
3638 1194 1
3973 1195 1
2294 1196 1
4249 1197 1
1416 1198 1
1979 1199 1
5219 1199 1
1200 1284 1
1200 1632 1
1200 1670 1
1200 2260 1
2421 1200 1
1200 2996 1
1200 3035 1
1200 3056 1
1200 3075 1
1200 4141 1
2711 1201 1
1232 1202 1
3095 1203 1
2731 1204 1
1266 1206 1
4165 1208 1
1209 4412 1
3973 1210 1
4635 1210 1
1211 2114 1
1211 3418 1
3448 1211 1
3327 1212 1
3448 1212 1
3863 1212 1
5156 1214 1
3377 1215 1
2277 1216 1
2278 1216 1
3972 1216 1
3973 1216 1
2943 1217 1
4727 1217 1
1946 1218 1
3386 1218 1
4509 1219 1
4799 1219 1
4211 1220 1
4798 1221 1
1960 1222 1
2416 1223 1
2417 1224 1
1225 4513 1
5051 1226 1
2125 1227 1
3335 1228 1
2125 1230 1
1231 1236 1
1231 1673 1
1231 1945 1
1231 2140 1
1231 2750 1
1231 2776 1
1231 2850 1
1231 2929 1
1231 2949 1
1231 3015 1
1231 3103 1
1231 3235 1
1231 3376 1
1231 3507 1
1231 4279 1
1231 4355 1
1231 4363 1
1231 4937 1
1231 5227 1
1231 5248 1
1232 1551 1
1232 2905 1
1232 3128 1
1232 3770 1
1232 4016 1
1232 4188 1
1232 4355 1
1232 4379 1
1232 4546 1
1232 4672 1
1232 4673 1
1232 4851 1
1232 5028 1
2170 1233 1
3972 1234 1
1678 1235 1
1237 2341 1
3335 1238 1
3448 1238 1
2455 1240 1
2416 1241 1
4454 1241 1
3286 1242 1
1242 3431 1
4146 1242 1
4509 1243 1
3287 1244 1
1245 1459 1
3286 1245 1
3287 1245 1
3562 1246 1
3989 1247 1
4356 1248 1
3062 1249 1
1891 1250 1
3286 1250 1
3287 1250 1
2979 1251 1
3286 1251 1
3287 1251 1
4793 1252 1
2310 1253 1
3459 1253 1
3448 1254 1
1255 2795 1
1255 2824 1
3638 1255 1
4356 1256 1
3448 1257 1
3863 1257 1
1259 2847 1
1259 2939 1
3637 1259 1
2313 1260 1
1261 1405 1
1261 1466 1
1261 1607 1
1261 1978 1
1261 2296 1
1261 3045 1
1261 3068 1
1261 3082 1
1261 3307 1
1261 3363 1
1261 4055 1
1261 4107 1
1261 4114 1
1261 4227 1
1261 4403 1
1261 4524 1
1261 4549 1
1261 4866 1
1261 5167 1
4146 1262 1
1498 1263 1
4249 1263 1
3064 1264 1
1266 1265 1
1266 2826 1
3440 1266 1
1266 3800 1
1266 4082 1
1266 4221 1
1266 5198 1
2099 1267 1
4727 1267 1
1497 1268 1
2310 1269 1
2019 1270 1
1386 1271 1
3286 1271 1
3287 1271 1
2108 1273 1
3286 1273 1
2310 1274 1
2311 1274 1
1274 3027 1
1274 3567 1
1274 4232 1
1275 1684 1
1275 1844 1
1275 2179 1
2207 1275 1
1275 3219 1
1275 4092 1
2217 1276 1
4727 1276 1
2310 1277 1
2311 1277 1
2908 1279 1
2100 1280 1
2980 1280 1
4795 1281 1
3572 1282 1
2933 1283 1
2269 1286 1
2941 1286 1
2125 1289 1
3335 1290 1
2933 1291 1
3095 1292 1
1627 1294 1
3095 1297 1
3095 1298 1
1303 1299 1
5221 1299 1
4249 1300 1
4819 1301 1
1821 1302 1
3335 1302 1
1303 1304 1
1303 1726 1
1303 1938 1
1303 1939 1
1303 2263 1
1303 2319 1
1303 2325 1
1303 2453 1
1303 2470 1
1303 2627 1
1303 2879 1
1303 3151 1
1303 3167 1
1303 3299 1
1303 3719 1
1303 3882 1
1303 4085 1
1303 4473 1
1303 4738 1
1303 4837 1
1304 1469 1
1304 2424 1
1304 2632 1
1304 2759 1
1304 3077 1
1304 3704 1
1304 4093 1
1304 4310 1
1304 4891 1
3976 1305 1
4318 1305 1
1306 2339 1
4908 1307 1
2314 1308 1
2899 1308 1
2908 1309 1
4736 1310 1
2278 1311 1
2277 1312 1
2278 1312 1
2000 1313 1
4710 1314 1
3051 1315 1
2313 1316 1
2979 1317 1
2980 1317 1
3050 1317 1
3051 1317 1
3050 1318 1
3080 1319 1
2933 1320 1
2934 1320 1
4485 1320 1
1321 1415 1
3539 1321 1
1321 3794 1
2908 1322 1
3286 1323 1
3287 1323 1
4323 1324 1
3731 1325 1
2293 1327 1
3335 1329 1
2277 1331 1
5219 1332 1
2278 1333 1
3402 1334 1
3095 1337 1
3095 1338 1
3429 1338 1
3533 1339 1
2849 1340 1
4793 1342 1
4798 1343 1
4244 1345 1
3448 1346 1
3449 1346 1
1347 1590 1
1347 2217 1
1347 2808 1
1347 4165 1
2282 1349 1
3095 1349 1
3062 1350 1
3062 1351 1
2019 1352 1
1356 1355 1
1356 1365 1
1356 1566 1
1356 3408 1
1356 5313 1
1356 5322 1
3095 1357 1
1981 1358 1
3095 1359 1
3448 1360 1
3449 1360 1
1361 2109 1
1361 2987 1
1361 3002 1
1361 3765 1
1361 4417 1
3613 1362 1
1363 1518 1
1363 1525 1
1363 2085 1
1363 3437 1
1363 3495 1
1363 4829 1
1363 5099 1
2278 1366 1
1497 1368 1
2353 1368 1
3287 1369 1
1371 3777 1
2421 1372 1
3286 1373 1
4146 1374 1
2421 1375 1
3440 1376 1
3109 1377 1
2939 1378 1
2132 1379 1
3061 1380 1
1584 1381 1
3863 1381 1
2314 1382 1
3287 1382 1
2953 1383 1
1383 3072 1
1383 3688 1
1383 3749 1
1383 4741 1
1386 1392 1
1386 1481 1
1386 1489 1
1386 1571 1
1386 1868 1
1386 2009 1
1386 2201 1
1386 4257 1
1386 4284 1
1386 4852 1
3062 1387 1
3064 1388 1
1498 1389 1
2100 1389 1
2763 1390 1
5170 1390 1
3972 1391 1
3973 1391 1
2949 1393 1
3973 1394 1
4356 1395 1
2310 1396 1
2311 1396 1
2934 1396 1
3377 1396 1
2310 1397 1
1398 3709 1
2269 1399 1
3315 1400 1
2020 1401 1
1402 2889 1
1402 3137 1
1402 4820 1
3539 1403 1
2019 1404 1
3377 1404 1
3440 1406 1
3638 1407 1
3638 1408 1
2979 1409 1
1789 1410 1
3456 1412 1
5153 1412 1
2311 1413 1
3061 1414 1
3062 1414 1
1415 1775 1
1415 1904 1
1415 2016 1
1415 2159 1
2254 1415 1
1415 2506 1
1415 2611 1
1415 2618 1
2951 1415 1
1415 3041 1
1415 3043 1
1415 3044 1
1415 3244 1
1415 3346 1
1415 3348 1
1415 3350 1
1415 3370 1
1415 3650 1
1415 3651 1
1415 3693 1
1415 3721 1
1415 3918 1
1415 4039 1
1415 4042 1
1415 4168 1
1415 4171 1
1415 4178 1
1415 4184 1
1415 4430 1
1415 4443 1
1415 4466 1
1415 4990 1
1415 5087 1
1415 5088 1
1416 1578 1
1416 1773 1
1416 1775 1
1416 1786 1
1416 1832 1
1416 1869 1
1416 1875 1
1416 1904 1
1416 2159 1
1416 2195 1
1416 2271 1
1416 2349 1
1416 2576 1
1416 2597 1
1416 2599 1
1416 2611 1
1416 2754 1
1416 2831 1
1416 2887 1
1416 3041 1
1416 3043 1
1416 3044 1
1416 3048 1
1416 3223 1
1416 3244 1
1416 3261 1
1416 3370 1
1416 3394 1
1416 3400 1
1416 3564 1
1416 3650 1
1416 3651 1
1416 3675 1
1416 3902 1
1416 3921 1
1416 3950 1
1416 3977 1
1416 4039 1
1416 4042 1
1416 4134 1
1416 4168 1
1416 4171 1
1416 4235 1
1416 4443 1
1416 4476 1
1416 4690 1
1416 4889 1
1416 5087 1
1416 5090 1
1416 5210 1
2325 1417 1
1678 1418 1
3972 1418 1
3973 1418 1
5219 1419 1
2312 1420 1
4740 1420 1
3095 1421 1
2278 1422 1
3972 1422 1
1858 1423 1
2533 1424 1
2278 1425 1
4466 1426 1
4225 1427 1
3286 1428 1
1429 2819 1
1429 3627 1
2278 1430 1
2533 1430 1
5219 1431 1
3475 1432 1
2979 1433 1
2294 1434 1
1435 1683 1
1435 1996 1
1435 2048 1
1435 2615 1
1435 3020 1
1435 4095 1
4111 1435 1
1435 4130 1
1435 4223 1
1435 4793 1
1435 4860 1
2421 1436 1
1438 1437 1
1438 1581 1
1438 1690 1
1438 1854 1
1438 2165 1
1438 2660 1
1438 2778 1
1438 2985 1
1438 3598 1
1438 4086 1
4145 1438 1
1438 4747 1
1438 4788 1
4798 1438 1
1438 5209 1
1439 2255 1
4711 1439 1
1916 1440 1
3972 1441 1
3973 1441 1
3972 1442 1
3973 1442 1
3095 1443 1
3405 1443 1
2269 1444 1
2324 1444 1
3836 1445 1
2304 1446 1
4662 1446 1
4799 1448 1
3972 1449 1
2589 1450 1
4793 1450 1
5199 1451 1
3863 1452 1
1454 1453 1
2643 1453 1
1794 1455 1
2310 1455 1
2311 1455 1
3061 1455 1
3062 1455 1
2019 1456 1
2003 1457 1
1458 1819 1
1458 1867 1
1458 2066 1
1458 2458 1
1458 2538 1
1458 2601 1
1458 2725 1
1458 3676 1
1458 3833 1
1458 3915 1
1458 3939 1
1458 4053 1
1458 4938 1
1458 5286 1
4590 1459 1
3061 1460 1
3062 1460 1
3638 1461 1
3638 1462 1
1800 1463 1
2099 1463 1
4832 1464 1
3286 1465 1
5219 1467 1
4356 1468 1
1590 1469 1
4896 1469 1
2308 1471 1
2217 1472 1
3613 1473 1
2313 1474 1
3449 1474 1
2313 1475 1
3449 1475 1
2313 1478 1
2314 1478 1
2934 1478 1
3972 1478 1
3973 1478 1
2313 1479 1
2314 1479 1
2933 1479 1
1479 5135 1
2181 1482 1
2417 1482 1
3061 1483 1
5221 1485 1
2269 1486 1
2949 1486 1
2421 1487 1
3079 1488 1
3448 1488 1
3449 1488 1
1490 1501 1
1490 1704 1
1490 1707 1
1490 1721 1
1490 1725 1
1490 1734 1
1490 1915 1
1490 2094 1
1490 2233 1
1490 2654 1
1490 2993 1
1490 4229 1
1490 4577 1
1490 4772 1
1490 4795 1
1490 5124 1
1490 5234 1
2849 1491 1
3449 1491 1
1507 1492 1
3275 1492 1
2849 1493 1
2221 1494 1
2277 1494 1
1494 2288 1
1497 1976 1
1497 1977 1
1497 4001 1
1497 5159 1
1498 1811 1
1498 2958 1
1498 3483 1
1498 3511 1
1498 3604 1
1498 4148 1
1498 4488 1
1498 4722 1
3964 1499 1
2294 1500 1
2787 1500 1
2787 1501 1
2020 1502 1
1794 1503 1
2311 1503 1
3287 1503 1
4249 1504 1
3449 1505 1
4277 1506 1
1507 2315 1
4305 1509 1
2278 1510 1
2020 1511 1
1627 1512 1
2020 1512 1
2610 1512 1
1789 1513 1
4710 1514 1
3095 1515 1
5219 1516 1
2310 1517 1
2623 1518 1
3287 1519 1
3972 1520 1
2933 1521 1
3286 1521 1
2933 1522 1
4775 1522 1
3167 1523 1
4697 1524 1
4146 1526 1
2848 1527 1
3973 1527 1
2848 1528 1
3448 1528 1
3863 1530 1
2417 1531 1
2278 1533 1
2237 1534 1
5219 1536 1
4710 1537 1
1538 3243 1
1538 4944 1
3060 1539 1
4799 1540 1
3539 1541 1
2125 1542 1
5219 1543 1
4736 1544 1
3817 1545 1
2100 1546 1
2206 1547 1
3448 1548 1
3863 1548 1
3539 1549 1
2278 1550 1
2313 1551 1
2314 1551 1
2313 1552 1
2314 1552 1
3613 1552 1
2314 1553 1
2293 1554 1
2933 1555 1
1789 1556 1
2934 1556 1
3227 1559 1
2003 1560 1
2857 1560 1
2934 1561 1
1884 1562 1
5170 1563 1
2849 1564 1
3972 1565 1
3638 1566 1
1734 1567 1
2156 1567 1
2763 1568 1
4736 1569 1
4305 1570 1
1572 3751 1
1572 4882 1
3863 1573 1
2763 1574 1
2125 1575 1
2126 1575 1
2125 1576 1
2908 1577 1
1578 1984 1
1578 2724 1
1578 4206 1
1578 5098 1
1579 1904 1
1579 2398 1
1579 2856 1
1579 3222 1
1579 3692 1
1579 3807 1
1579 4840 1
1579 4953 1
1579 4983 1
2221 1580 1
2314 1582 1
3286 1583 1
1584 2225 1
1584 2943 1
1584 4239 1
1584 4825 1
3286 1585 1
2310 1586 1
2294 1587 1
2310 1588 1
3286 1588 1
2269 1589 1
1590 2256 1
3613 1591 1
1592 1679 1
3420 1593 1
3613 1593 1
3061 1594 1
1597 1595 1
3061 1595 1
3062 1595 1
1597 1596 1
2848 1596 1
2849 1596 1
3061 1596 1
3062 1596 1
3440 1596 1
1597 1698 1
1597 1779 1
1597 3147 1
1597 3671 1
1597 4181 1
2949 1598 1
2533 1599 1
2908 1600 1
2119 1601 1
2763 1602 1
2019 1603 1
2019 1604 1
2979 1604 1
2623 1605 1
3449 1606 1
4793 1606 1
4908 1608 1
4468 1610 1
3973 1611 1
1613 1612 1
1613 2113 1
1613 2219 1
1613 3742 1
1613 3752 1
1613 3787 1
1613 4692 1
3879 1614 1
3062 1617 1
3124 1617 1
4697 1618 1
1619 2194 1
1619 3058 1
1619 3576 1
1619 4499 1
1619 5215 1
2278 1620 1
2003 1621 1
3637 1622 1
2207 1623 1
2278 1624 1
1626 3336 1
1626 3337 1
1627 2616 1
1627 2820 1
1627 4932 1
3287 1628 1
2310 1630 1
2311 1630 1
3724 1630 1
2314 1632 1
5219 1633 1
4356 1634 1
3700 1636 1
3613 1637 1
3448 1638 1
3475 1639 1
3863 1640 1
4185 1643 1
1645 1644 1
2019 1644 1
2949 1645 1
1645 3771 1
1645 4689 1
3448 1646 1
4356 1647 1
2002 1648 1
4356 1650 1
3095 1651 1
4736 1652 1
4277 1653 1
2277 1654 1
2310 1655 1
3735 1656 1
2941 1658 1
2000 1659 1
2269 1660 1
2941 1661 1
3286 1662 1
2585 1663 1
2278 1664 1
4878 1665 1
2664 1666 1
2686 1667 1
2019 1668 1
2020 1668 1
2979 1668 1
2019 1669 1
2310 1671 1
4793 1672 1
4356 1675 1
1676 4128 1
4202 1677 1
1678 2253 1
1678 2383 1
1678 2393 1
1678 2395 1
1678 2701 1
1678 2811 1
1678 3033 1
1678 3415 1
1678 3987 1
1678 4507 1
1678 4579 1
1678 5154 1
3286 1680 1
3287 1680 1
3095 1681 1
3051 1682 1
3448 1685 1
3449 1685 1
3972 1685 1
5219 1687 1
5219 1688 1
2848 1689 1
2206 1691 1
3335 1692 1
2293 1693 1
5219 1694 1
2979 1695 1
2980 1695 1
1696 2717 1
3972 1696 1
1696 4110 1
1696 5206 1
1698 1697 1
1744 1697 1
2933 1697 1
2934 1697 1
1698 2434 1
1698 2539 1
1698 2540 1
1698 4940 1
2933 1699 1
2934 1699 1
4145 1700 1
2933 1701 1
4318 1701 1
3449 1702 1
1734 1703 1
2417 1703 1
3175 1703 1
5203 1704 1
2310 1705 1
5203 1705 1
2311 1706 1
4908 1706 1
3287 1708 1
3335 1709 1
3335 1710 1
3335 1711 1
5145 1711 1
2019 1712 1
3202 1713 1
2455 1714 1
1715 1777 1
1715 2687 1
2763 1716 1
2763 1717 1
1810 1718 1
2763 1718 1
1810 1719 1
2020 1719 1
2763 1719 1
2763 1720 1
4908 1722 1
2310 1723 1
2311 1723 1
2019 1724 1
2020 1724 1
1734 1725 1
4964 1726 1
2311 1727 1
2933 1727 1
4964 1727 1
2311 1728 1
2933 1729 1
4964 1730 1
2310 1731 1
2849 1732 1
2310 1733 1
2849 1733 1
1734 1735 1
1734 1779 1
1734 3933 1
1734 4642 1
1734 5340 1
1734 5341 1
1742 1735 1
3117 1735 1
2473 1736 1
2473 1737 1
5106 1737 1
2473 1738 1
3724 1739 1
1740 1741 1
1740 3282 1
3286 1741 1
1742 1743 1
1742 1747 1
1742 1840 1
1742 2569 1
1742 3156 1
1742 4367 1
1742 5108 1
1744 1745 1
1789 1744 1
1744 1900 1
1744 1906 1
1744 2172 1
1744 2249 1
1744 2377 1
1744 2527 1
1744 2528 1
1744 3259 1
3286 1744 1
1744 4915 1
3335 1746 1
2019 1748 1
3210 1748 1
3638 1749 1
1789 1750 1
3286 1751 1
3449 1751 1
5127 1751 1
4556 1753 1
4318 1755 1
3719 1756 1
4458 1756 1
3174 1757 1
2207 1758 1
2207 1759 1
2019 1760 1
2020 1760 1
2848 1760 1
2979 1760 1
2980 1760 1
4145 1761 1
3613 1762 1
4202 1762 1
4466 1763 1
4908 1763 1
3448 1764 1
2533 1765 1
2933 1766 1
2934 1766 1
3972 1766 1
2416 1767 1
2417 1767 1
2417 1768 1
4908 1768 1
2254 1769 1
2019 1770 1
3210 1770 1
4908 1771 1
1773 1772 1
1773 1857 1
2848 1773 1
2849 1773 1
1773 3281 1
3440 1773 1
3167 1774 1
3135 1776 1
2313 1778 1
2683 1781 1
4964 1781 1
1891 1782 1
3449 1783 1
3638 1783 1
4976 1783 1
3638 1784 1
4908 1784 1
2494 1785 1
2019 1786 1
2020 1786 1
4145 1786 1
1877 1787 1
3879 1787 1
3286 1788 1
3287 1788 1
1789 1790 1
1789 2591 1
1789 2728 1
1789 2988 1
3051 1789 1
1789 3447 1
1789 4683 1
1789 5115 1
3051 1790 1
3271 1791 1
1793 2884 1
1793 3966 1
4043 1793 1
1794 1949 1
1794 2608 1
1794 4676 1
1794 5086 1
2278 1796 1
2293 1797 1
3440 1799 1
1800 2671 1
1800 3135 1
1800 3138 1
1800 3143 1
3638 1800 1
1800 5104 1
1800 5204 1
3599 1801 1
2294 1802 1
2020 1803 1
2019 1804 1
2020 1804 1
2293 1804 1
1804 2460 1
2293 1805 1
2293 1806 1
2019 1807 1
3539 1808 1
1810 1809 1
1810 1812 1
1810 2503 1
1810 2504 1
1810 2505 1
1810 2885 1
3448 1810 1
3449 1810 1
1810 3558 1
1810 4460 1
1810 4461 1
1810 4462 1
1810 5109 1
4826 1812 1
3335 1813 1
3062 1814 1
2059 1815 1
3335 1816 1
2763 1817 1
3448 1818 1
3449 1818 1
1821 1820 1
1821 1921 1
1821 5218 1
4145 1822 1
2933 1823 1
2020 1824 1
2494 1825 1
1955 1826 1
2417 1827 1
4185 1828 1
3449 1829 1
3836 1829 1
4720 1830 1
5014 1830 1
2623 1831 1
3335 1833 1
3638 1834 1
2933 1835 1
2473 1836 1
2869 1837 1
4043 1839 1
1841 4920 1
1841 5145 1
4454 1842 1
3510 1843 1
3335 1845 1
2019 1846 1
3210 1846 1
1847 5071 1
1847 5256 1
1847 5298 1
2494 1848 1
4908 1848 1
2933 1849 1
2934 1849 1
2933 1850 1
3167 1851 1
4908 1852 1
1955 1853 1
1857 1856 1
1858 2147 1
1858 2533 1
1858 2677 1
1858 2771 1
1858 2876 1
1858 2970 1
1858 3962 1
1858 4309 1
1858 4749 1
1858 4887 1
1858 5092 1
2473 1859 1
3638 1860 1
2293 1861 1
3638 1862 1
4145 1863 1
1864 2502 1
1864 2752 1
1864 2930 1
3335 1864 1
1864 3704 1
1864 3834 1
1864 3953 1
1864 4022 1
4145 1864 1
1864 5074 1
2293 1865 1
2417 1866 1
4043 1870 1
4662 1870 1
2278 1871 1
2908 1872 1
2015 1873 1
4468 1873 1
2277 1874 1
2278 1874 1
3806 1874 1
2278 1875 1
1876 4495 1
1877 3023 1
1877 3649 1
1877 5182 1
2421 1878 1
4648 1879 1
2019 1880 1
3210 1880 1
2934 1881 1
3638 1883 1
1884 2110 1
2181 1884 1
1884 2292 1
1884 5259 1
2314 1885 1
1891 1886 1
1891 1887 1
4318 1887 1
1891 1888 1
4318 1888 1
1891 1889 1
2417 1889 1
3973 1889 1
1891 1890 1
2417 1890 1
1891 1892 1
1891 1893 1
1891 1894 1
1891 1895 1
1891 1896 1
1891 1897 1
2278 1891 1
2417 1891 1
1891 2515 1
1891 2881 1
1891 2890 1
1891 2891 1
1891 3140 1
1891 3155 1
1891 4324 1
1891 4951 1
1891 4953 1
1891 4961 1
1891 4962 1
1891 4963 1
1891 4964 1
1891 4975 1
1891 4978 1
1891 5044 1
1891 5272 1
1891 5273 1
1891 5284 1
2417 1894 1
3973 1894 1
2416 1895 1
2417 1895 1
3973 1895 1
2417 1896 1
1897 2881 1
1897 3200 1
1897 4975 1
1898 1899 1
2293 1899 1
2294 1899 1
1900 1901 1
1900 1902 1
2293 1900 1
3972 1900 1
1904 1903 1
3638 1905 1
2019 1907 1
3719 1908 1
3061 1909 1
3539 1909 1
1911 1910 1
3377 1911 1
1911 4742 1
2577 1912 1
2304 1913 1
4908 1914 1
1916 1917 1
1916 1957 1
1916 2053 1
1916 2859 1
1916 3387 1
1916 4034 1
1916 4282 1
1916 4465 1
1916 4601 1
1916 4602 1
4908 1916 1
1916 5078 1
1916 5282 1
1916 5297 1
3202 1917 1
3335 1917 1
4908 1917 1
3174 1918 1
4318 1918 1
2304 1919 1
2277 1920 1
3050 1921 1
2623 1922 1
3719 1923 1
2933 1924 1
1946 1925 1
3386 1925 1
1946 1926 1
2849 1926 1
3386 1926 1
1946 1927 1
2020 1927 1
3386 1927 1
1946 1928 1
2848 1928 1
3386 1928 1
3700 1928 1
1946 1929 1
2020 1929 1
3386 1929 1
1946 1930 1
3287 1930 1
3386 1930 1
1946 1931 1
3287 1931 1
3386 1931 1
4822 1931 1
2848 1932 1
2849 1932 1
3440 1932 1
3335 1933 1
2125 1934 1
3638 1935 1
3638 1936 1
4976 1936 1
2019 1937 1
3167 1938 1
3167 1939 1
3989 1940 1
2294 1941 1
2787 1941 1
2294 1942 1
2126 1943 1
2294 1943 1
2933 1944 1
3062 1944 1
1946 1945 1
1946 1947 1
1946 1948 1
2314 1946 1
1946 2645 1
4623 1946 1
1946 4821 1
1946 4897 1
1946 5149 1
3386 1947 1
3061 1948 1
3386 1948 1
4318 1950 1
1955 1952 1
4603 1954 1
1955 3202 1
1955 4247 1
1955 5290 1
3972 1956 1
4908 1957 1
4908 1958 1
3210 1959 1
1960 1961 1
1960 2370 1
1960 3788 1
1960 4218 1
2269 1961 1
3287 1961 1
2294 1962 1
1962 4405 1
2278 1964 1
2311 1965 1
4145 1966 1
2125 1967 1
2849 1967 1
1969 3083 1
1969 3092 1
1969 3290 1
1969 4106 1
5219 1970 1
4244 1971 1
2278 1972 1
3638 1973 1
3095 1974 1
4736 1975 1
5219 1975 1
1979 1985 1
1979 3031 1
1979 3413 1
1979 3745 1
1979 3756 1
1979 4112 1
1979 4290 1
1979 5155 1
1981 2710 1
1981 3399 1
1981 3716 1
2293 1982 1
3973 1987 1
2934 1989 1
3448 1990 1
1991 3341 1
1991 4381 1
3095 1992 1
4356 1993 1
2933 1994 1
2933 1995 1
2934 1995 1
4165 1997 1
3448 1998 1
3449 1998 1
2325 1999 1
2000 2437 1
2000 3002 1
2000 3003 1
2000 4100 1
2000 4492 1
2000 4849 1
2849 2001 1
2934 2001 1
2002 3430 1
2002 3452 1
2002 3624 1
2002 4258 1
2002 4855 1
2002 5277 1
2002 5278 1
2002 5280 1
2002 5310 1
2003 2367 1
2003 2369 1
2003 2512 1
2003 2574 1
2003 2585 1
2003 2601 1
2003 2893 1
2003 3140 1
2003 3141 1
2003 3142 1
2003 3248 1
2003 3917 1
2003 3932 1
2003 4032 1
2003 4033 1
2003 4036 1
2003 4038 1
2003 4047 1
2003 4048 1
2003 4051 1
2003 4052 1
2003 4352 1
2003 4631 1
2003 5009 1
2003 5010 1
2003 5011 1
2003 5012 1
2003 5015 1
2003 5016 1
2003 5019 1
2003 5020 1
2003 5021 1
2003 5022 1
2003 5023 1
2003 5024 1
2003 5025 1
2003 5026 1
2003 5027 1
2003 5028 1
2003 5029 1
2003 5046 1
2003 5113 1
2004 2141 1
2004 2829 1
2004 3436 1
2004 4201 1
4740 2005 1
5219 2006 1
2059 2007 1
5228 2008 1
3275 2009 1
3287 2010 1
2277 2012 1
2431 2013 1
5221 2013 1
2664 2014 1
2015 3311 1
2293 2016 1
3286 2017 1
3637 2017 1
2019 2018 1
3210 2018 1
2019 2022 1
2019 2091 1
2019 2128 1
2019 2129 1
2019 2223 1
2019 2305 1
2019 2364 1
2019 2399 1
2019 2400 1
2019 2424 1
2019 2467 1
2019 2500 1
2019 2532 1
2019 2539 1
2019 2542 1
2019 2547 1
2019 2581 1
2019 2586 1
2019 2593 1
2019 2606 1
2019 2618 1
2019 2619 1
2019 2622 1
2019 2631 1
2019 2734 1
2019 2738 1
2019 2805 1
2019 2873 1
2019 2895 1
2019 2917 1
2019 2965 1
2019 2967 1
2019 2984 1
2019 2991 1
2019 2997 1
2019 3048 1
2019 3118 1
2019 3192 1
2019 3193 1
2019 3195 1
2019 3199 1
2019 3206 1
2019 3210 1
2019 3211 1
2019 3212 1
2019 3239 1
2019 3242 1
2019 3247 1
2019 3289 1
2019 3345 1
2019 3354 1
2019 3405 1
2019 3497 1
2019 3498 1
2019 3526 1
2019 3612 1
2019 3644 1
2019 3645 1
2019 3655 1
2019 3677 1
2019 3678 1
2019 3682 1
2019 3717 1
2019 3761 1
2019 3774 1
2019 3805 1
2019 3864 1
2019 3868 1
2019 3872 1
2019 3874 1
2019 3913 1
2019 3919 1
2019 3922 1
2019 3941 1
2019 3988 1
2019 4024 1
2019 4193 1
2019 4231 1
2019 4270 1
2019 4279 1
2019 4286 1
2019 4287 1
2019 4307 1
2019 4339 1
2019 4353 1
2019 4368 1
2019 4371 1
2019 4395 1
2019 4396 1
2019 4397 1
2019 4444 1
2019 4452 1
2019 4459 1
2019 4472 1
2019 4497 1
2019 4499 1
2019 4545 1
2019 4608 1
2019 4609 1
2019 4610 1
2019 4611 1
2019 4647 1
2019 4663 1
2019 4664 1
2019 4665 1
2019 4680 1
2019 4703 1
2019 4814 1
2019 4815 1
2019 4898 1
2019 4921 1
2019 4950 1
2019 4952 1
2019 4958 1
2019 4969 1
2019 4971 1
2019 4972 1
2019 4977 1
2019 4991 1
2019 5061 1
2019 5062 1
2019 5063 1
2019 5064 1
2019 5067 1
2019 5070 1
2019 5083 1
2019 5107 1
2019 5111 1
2019 5138 1
2019 5141 1
2019 5164 1
2019 5232 1
2019 5268 1
2019 5273 1
2019 5275 1
2019 5276 1
2019 5302 1
2019 5304 1
2019 5305 1
2019 5307 1
2019 5308 1
2019 5309 1
2019 5335 1
2019 5336 1
2019 5337 1
2020 2045 1
2020 2115 1
2020 2171 1
2020 2184 1
2020 2185 1
2020 2199 1
2020 2247 1
2020 2362 1
2020 2364 1
2020 2398 1
2020 2400 1
2020 2403 1
2020 2404 1
2020 2427 1
2020 2428 1
2020 2442 1
2020 2474 1
2020 2479 1
2020 2538 1
2020 2539 1
2020 2606 1
2020 2630 1
2020 2735 1
2020 2753 1
2020 2793 1
2020 2805 1
2020 2835 1
2020 2836 1
2020 2884 1
2020 2909 1
2020 2912 1
2020 2965 1
2020 2967 1
2020 3011 1
2020 3048 1
2020 3052 1
2020 3081 1
2020 3086 1
2020 3112 1
2020 3125 1
2020 3229 1
2020 3251 1
2020 3302 1
2020 3318 1
2020 3507 1
2020 3740 1
2020 3743 1
2020 3757 1
2020 3761 1
2020 3835 1
2020 3875 1
2020 3876 1
2020 3877 1
2020 3879 1
2020 3963 1
2020 4162 1
2020 4220 1
2020 4225 1
2020 4228 1
2020 4230 1
2020 4231 1
2020 4241 1
2020 4287 1
2020 4304 1
2020 4497 1
2020 4560 1
2020 4583 1
2020 4665 1
2020 4668 1
2020 4697 1
2020 4775 1
2020 4814 1
2020 4825 1
2020 4903 1
2020 4921 1
2020 4925 1
2020 4958 1
2020 5054 1
2020 5067 1
2020 5069 1
2020 5070 1
2020 5093 1
2020 5102 1
2020 5103 1
2020 5160 1
2020 5161 1
2020 5164 1
2020 5189 1
2020 5305 1
4896 2021 1
2024 4795 1
2025 2352 1
2025 2531 1
2025 2547 1
2025 2559 1
2025 2639 1
2025 2644 1
2025 2669 1
2025 2758 1
2025 2966 1
2025 3159 1
2025 3160 1
2025 3161 1
2025 3162 1
2025 3163 1
2025 3164 1
2025 3253 1
2025 3512 1
2025 3577 1
3638 2025 1
2025 3730 1
2025 3916 1
2025 3946 1
2025 4044 1
2025 4378 1
2025 4628 1
2025 4675 1
2025 4859 1
2025 5173 1
5219 2026 1
3637 2027 1
5219 2027 1
2731 2028 1
3976 2029 1
3976 2030 1
5219 2032 1
3133 2033 1
3366 2033 1
2943 2035 1
2036 2112 1
2036 3053 1
2154 2038 1
2934 2038 1
3449 2039 1
2763 2040 1
3448 2041 1
5219 2041 1
2310 2042 1
2310 2043 1
2311 2043 1
3448 2043 1
3449 2044 1
2310 2046 1
2269 2047 1
5156 2049 1
2473 2050 1
2310 2051 1
4775 2052 1
3465 2054 1
3064 2055 1
3095 2055 1
2933 2056 1
4896 2058 1
2059 2307 1
2059 2617 1
3335 2059 1
2059 3444 1
2059 3491 1
2059 4078 1
2059 4682 1
2059 4935 1
2059 5095 1
2059 5229 1
5219 2060 1
3095 2061 1
3095 2062 1
4146 2063 1
4799 2065 1
3335 2067 1
3061 2068 1
3062 2068 1
3286 2069 1
3287 2069 1
3061 2070 1
4145 2071 1
4724 2071 1
2417 2072 1
3448 2072 1
3449 2072 1
3062 2073 1
2237 2074 1
3769 2074 1
2294 2075 1
3613 2076 1
2278 2077 1
2325 2078 1
3448 2079 1
2313 2080 1
2933 2081 1
2934 2081 1
2933 2082 1
3440 2083 1
3210 2084 1
3972 2084 1
3972 2086 1
2934 2087 1
2156 2088 1
3449 2089 1
3638 2090 1
2092 3071 1
4662 2092 1
3275 2093 1
3960 2094 1
2311 2097 1
2533 2098 1
2099 2865 1
2099 2941 1
2099 2995 1
2100 3132 1
2100 3273 1
2100 3284 1
2100 3483 1
2100 3830 1
2100 3831 1
2100 3832 1
2100 3966 1
3817 2101 1
4356 2102 1
3863 2103 1
2934 2104 1
3860 2105 1
2934 2106 1
5219 2107 1
2108 2384 1
2108 3609 1
2763 2111 1
4799 2111 1
3972 2117 1
4356 2118 1
2119 4770 1
2119 4853 1
3972 2120 1
4697 2121 1
3095 2122 1
3989 2123 1
4806 2124 1
2125 2138 1
2125 2230 1
2125 2232 1
2125 2233 1
2125 2350 1
2125 2351 1
2125 2653 1
2125 2654 1
2125 2730 1
2125 2855 1
2125 2953 1
2125 2968 1
2125 2969 1
2125 2971 1
2125 3005 1
2125 3229 1
2125 3477 1
2125 3504 1
2125 3617 1
2125 3775 1
2125 3779 1
2125 4009 1
2125 4019 1
2125 4073 1
2125 4089 1
2125 4236 1
2125 4250 1
2125 4253 1
2125 4256 1
2125 4280 1
2125 4517 1
2125 4518 1
2125 4523 1
2125 4733 1
2125 4767 1
2125 5343 1
2126 2484 1
2126 2686 1
2126 2730 1
2126 2971 1
2126 3477 1
2126 3780 1
2126 4767 1
2126 5020 1
2126 5170 1
2294 2127 1
2908 2130 1
4172 2130 1
2623 2131 1
2849 2131 1
2132 2737 1
2132 2926 1
2132 3006 1
2132 3594 1
2132 4244 1
2132 4485 1
2132 4544 1
3095 2133 1
4146 2134 1
3062 2136 1
4727 2137 1
2206 2138 1
2310 2139 1
2933 2141 1
3613 2142 1
4468 2143 1
4244 2144 1
2278 2145 1
4146 2146 1
4414 2148 1
3818 2150 1
5219 2152 1
3863 2153 1
2154 2262 1
2154 3696 1
3972 2154 1
2156 2155 1
2156 2157 1
2156 2158 1
2156 2223 1
2156 2274 1
2156 2520 1
2156 2975 1
2156 2982 1
2156 5068 1
4727 2157 1
3061 2159 1
2933 2160 1
2934 2160 1
2206 2161 1
2933 2161 1
3287 2162 1
3972 2163 1
3095 2164 1
3095 2165 1
2310 2166 1
5219 2167 1
2310 2168 1
2848 2169 1
2849 2169 1
2170 2301 1
2170 2679 1
2170 4776 1
2979 2171 1
2980 2171 1
4908 2173 1
2322 2174 1
5156 2175 1
4146 2176 1
5219 2177 1
2933 2178 1
2207 2179 1
3842 2180 1
2181 2265 1
2181 3878 1
3287 2182 1
2416 2183 1
2417 2183 1
3615 2183 1
3448 2184 1
3061 2186 1
2254 2187 1
4697 2188 1
3286 2191 1
3287 2191 1
4806 2192 1
2511 2193 1
2194 4694 1
2934 2196 1
2979 2196 1
2623 2197 1
2278 2198 1
2511 2198 1
2933 2200 1
2207 2202 1
3982 2204 1
4486 2205 1
2206 2209 1
2206 2214 1
2206 2254 1
2206 2392 1
2206 2393 1
2206 2669 1
2206 2749 1
2206 3014 1
2206 3069 1
2206 3107 1
2206 3156 1
2206 3338 1
2206 3373 1
2206 3484 1
2206 3633 1
2206 3635 1
2206 3733 1
2206 3753 1
2206 3845 1
2206 3906 1
2206 3940 1
2206 3948 1
2206 4155 1
2206 4397 1
2206 4480 1
2206 4483 1
2206 4490 1
2206 4512 1
2206 4553 1
2206 4707 1
2206 4786 1
2206 4807 1
2206 4895 1
2206 4898 1
2206 4899 1
2207 2227 1
2207 2358 1
2207 2390 1
2207 2392 1
2207 2393 1
2207 2770 1
2207 2897 1
2207 3119 1
2207 3152 1
2207 3168 1
2207 3274 1
2207 3355 1
2207 3415 1
2207 3643 1
2207 3723 1
2207 3729 1
2207 3894 1
2207 3895 1
2207 3898 1
2207 3961 1
2207 4151 1
2207 4153 1
2207 4155 1
2207 4219 1
2207 4291 1
2207 4648 1
2207 4813 1
2207 4830 1
2207 4831 1
2207 4912 1
2207 4924 1
2207 5186 1
2207 5213 1
2207 5217 1
3973 2208 1
5219 2210 1
2849 2211 1
2943 2212 1
4793 2213 1
3420 2214 1
3972 2214 1
2416 2215 1
2310 2216 1
2217 2976 1
2217 3803 1
2217 3969 1
2217 4519 1
2217 4526 1
2217 4882 1
2217 5191 1
2272 2218 1
3863 2218 1
2221 3080 1
2221 4711 1
2221 5193 1
2221 5226 1
3972 2224 1
4283 2224 1
2556 2226 1
5228 2228 1
4648 2229 1
3061 2230 1
2278 2231 1
2643 2233 1
2849 2234 1
2237 2235 1
2236 2237 1
2237 3093 1
2237 4008 1
2237 4009 1
2237 4449 1
3448 2238 1
3095 2240 1
2241 2386 1
2241 2898 1
2241 3309 1
3769 2241 1
2533 2242 1
2533 2243 1
2278 2244 1
3396 2244 1
2416 2245 1
2933 2245 1
4736 2246 1
3448 2247 1
3973 2248 1
2473 2250 1
4356 2251 1
2322 2252 1
2254 3106 1
2254 3795 1
3817 2255 1
3062 2257 1
3456 2258 1
4914 2259 1
3449 2261 1
3167 2263 1
4165 2264 1
3062 2267 1
2933 2268 1
2278 2269 1
2269 2337 1
2269 2371 1
2511 2269 1
2269 3028 1
2269 3311 1
2269 3601 1
2269 3683 1
2269 3734 1
2269 4248 1
2269 4332 1
2269 5240 1
2723 2270 1
3448 2272 1
2272 4004 1
2272 4258 1
3095 2273 1
2310 2275 1
5219 2276 1
2277 2346 1
2277 2433 1
2277 2434 1
2277 2718 1
2277 3177 1
2277 3361 1
2277 3458 1
2277 3485 1
2277 3516 1
2277 3709 1
2277 3756 1
2277 3798 1
2277 3994 1
2277 4080 1
2277 4177 1
2277 4271 1
2277 4500 1
2277 4816 1
2277 4833 1
2277 4844 1
2277 4846 1
2277 5053 1
2278 2279 1
2278 2289 1
2278 2301 1
2278 2355 1
2278 2391 1
2278 2434 1
2278 2438 1
2278 2506 1
2278 2511 1
2278 2533 1
2278 2545 1
2278 2613 1
2278 2635 1
2278 2651 1
2278 2698 1
2278 2706 1
2278 2718 1
2278 2788 1
2278 2819 1
2278 2820 1
2278 2922 1
2278 2946 1
2278 2947 1
2278 2985 1
2278 2992 1
2278 3042 1
2278 3058 1
2278 3071 1
2278 3094 1
2278 3177 1
2278 3178 1
2278 3303 1
2278 3312 1
2278 3362 1
2278 3458 1
2278 3485 1
2278 3487 1
2278 3623 1
2278 3764 1
2278 3798 1
2278 3813 1
2278 3815 1
2278 3819 1
2278 3826 1
2278 3866 1
2278 3867 1
2278 3870 1
2278 3934 1
2278 3938 1
2278 3939 1
2278 3995 1
2278 4040 1
2278 4068 1
2278 4069 1
2278 4175 1
2278 4176 1
2278 4223 1
2278 4258 1
2278 4301 1
2278 4410 1
2278 4445 1
2278 4448 1
2278 4469 1
2278 4482 1
2278 4532 1
2278 4562 1
2278 4569 1
2278 4586 1
2278 4587 1
2278 4697 1
2278 4713 1
2278 4730 1
2278 4776 1
2278 4780 1
2278 4810 1
2278 4811 1
2278 4812 1
2278 4846 1
2278 4849 1
2278 4860 1
2278 4884 1
2278 4923 1
2278 4943 1
2278 5039 1
2278 5089 1
2278 5101 1
2278 5124 1
2278 5136 1
2278 5193 1
2278 5229 1
2278 5245 1
2278 5323 1
2278 5326 1
2278 5329 1
2278 5331 1
2934 2280 1
3095 2281 1
4736 2281 1
2282 2810 1
2282 2962 1
2282 5060 1
2325 2284 1
3449 2284 1
2311 2285 1
3449 2286 1
3448 2287 1
4896 2290 1
4710 2291 1
2310 2292 1
3973 2292 1
2293 2297 1
2293 2323 1
2293 2345 1
2293 2361 1
2293 2429 1
2293 2430 1
2293 2431 1
2293 2439 1
2293 2440 1
2293 2726 1
2293 2883 1
2293 2925 1
2293 2928 1
2293 3034 1
2293 3096 1
2293 3098 1
2293 3176 1
2293 3210 1
2293 3298 1
2293 3375 1
2293 3412 1
2293 3413 1
2293 3493 1
2293 3494 1
2293 3496 1
2293 3570 1
2293 3637 1
2293 3652 1
2293 3863 1
2293 3879 1
2293 3880 1
2293 4125 1
2293 4127 1
2293 4151 1
2293 4152 1
2293 4174 1
2293 4303 1
2293 4311 1
2293 4389 1
2293 4547 1
2293 4636 1
2293 4656 1
2293 4682 1
2293 4761 1
2293 4762 1
2293 4868 1
2294 2318 1
2294 2431 1
2294 2440 1
2294 2557 1
2294 2695 1
2294 2697 1
2294 2902 1
2294 3016 1
2294 3393 1
2294 3599 1
2294 3602 1
2294 3640 1
2294 4495 1
2294 4858 1
2294 4862 1
2294 4926 1
2294 5066 1
2294 5235 1
3287 2295 1
4552 2295 1
3061 2298 1
3275 2300 1
2723 2302 1
2304 2303 1
2304 2761 1
2304 3790 1
2304 3791 1
2304 3967 1
2304 4296 1
2304 4894 1
3335 2306 1
2933 2308 1
2933 2309 1
2310 2315 1
2310 2344 1
2310 2354 1
2310 2361 1
2310 2456 1
2310 2478 1
2310 2485 1
2310 2590 1
2310 2621 1
2310 2666 1
2310 2789 1
2310 2805 1
2310 2915 1
2310 2920 1
2310 2954 1
2310 2957 1
2310 2967 1
2310 3013 1
2310 3067 1
2310 3279 1
2310 3331 1
2310 3406 1
2310 3502 1
2310 3505 1
2310 3528 1
2310 3750 1
2310 3769 1
2310 3792 1
2310 3926 1
2310 3984 1
2310 3997 1
2310 4000 1
2310 4006 1
2310 4063 1
2310 4090 1
2310 4197 1
2310 4302 1
2310 4489 1
2310 4645 1
2310 4760 1
2310 4790 1
2310 4802 1
2310 5137 1
2310 5140 1
2310 5204 1
2310 5330 1
2311 2456 1
2311 2476 1
2311 2485 1
2311 2509 1
2311 2540 1
2311 2918 1
2311 2965 1
2311 2967 1
2311 3007 1
2311 3030 1
2311 3067 1
2311 3108 1
2311 3325 1
2311 3409 1
2311 3500 1
2311 3619 1
2311 3635 1
2311 3769 1
2311 3789 1
2311 3831 1
2311 3847 1
2311 3858 1
2311 3881 1
2311 3926 1
2311 4000 1
2311 4198 1
2311 4279 1
2311 4342 1
2311 4406 1
2311 4475 1
2311 4570 1
2311 4627 1
2311 4679 1
2311 4798 1
2311 4801 1
2311 4987 1
2311 5137 1
2311 5138 1
2311 5140 1
2311 5204 1
2311 5330 1
3972 2312 1
2313 2423 1
2313 2424 1
2313 2513 1
2313 2519 1
2313 2721 1
2313 2741 1
2313 2812 1
2313 2917 1
2313 3429 1
2313 3545 1
2313 3773 1
2313 3927 1
2313 4049 1
2313 4279 1
2313 4292 1
2313 4537 1
2313 4627 1
2313 5120 1
2313 5237 1
2314 2475 1
2314 2513 1
2314 2516 1
2314 2517 1
2314 2518 1
2314 2519 1
2314 2812 1
2314 3077 1
2314 3880 1
2314 3909 1
2314 3925 1
2314 3926 1
2314 3927 1
2314 4194 1
2314 4196 1
2314 4279 1
2314 4289 1
2314 4338 1
2314 4339 1
2314 4340 1
2314 4341 1
2314 4342 1
2314 4343 1
2314 4344 1
2314 4345 1
2314 4346 1
2314 4347 1
2314 4348 1
2314 4349 1
2314 4350 1
2314 4351 1
2314 4352 1
2314 4457 1
2314 4504 1
2314 4774 1
2314 4792 1
2314 5067 1
2314 5116 1
2314 5119 1
2314 5120 1
4908 2316 1
2980 2317 1
2533 2319 1
2933 2320 1
3972 2321 1
4487 2321 1
2322 2757 1
2322 2775 1
2322 3378 1
3842 2323 1
2324 2360 1
2324 3723 1
2324 3976 1
2324 4406 1
2324 4924 1
2325 3129 1
2325 3720 1
2325 3889 1
2325 4213 1
2325 4313 1
2325 4818 1
2325 4834 1
2325 5208 1
2325 5231 1
3335 2326 1
4799 2326 1
3335 2327 1
4414 2327 1
2763 2328 1
3335 2328 1
2329 3055 1
3448 2330 1
3453 2330 1
3972 2331 1
3335 2332 1
3973 2332 1
2980 2333 1
3095 2335 1
2723 2336 1
2933 2337 1
2934 2337 1
3972 2340 1
2849 2342 1
3449 2342 1
2849 2344 1
2347 3456 1
2347 4118 1
2347 4581 1
3061 2348 1
2351 4819 1
2353 2641 1
2353 3421 1
2353 3698 1
2357 2356 1
3465 2357 1
2357 3673 1
2357 3674 1
2357 5059 1
3448 2359 1
3863 2359 1
2417 2360 1
2933 2360 1
2363 2364 1
2363 2365 1
2363 2366 1
2363 2367 1
2934 2364 1
2417 2365 1
2417 2366 1
2368 2514 1
3095 2368 1
2368 3606 1
2417 2370 1
2908 2372 1
2949 2373 1
3335 2373 1
2607 2374 1
2607 2375 1
3964 2376 1
3972 2377 1
3973 2377 1
2378 4384 1
2378 4483 1
3202 2379 1
3972 2380 1
3973 2380 1
5219 2381 1
3060 2382 1
3095 2383 1
3287 2385 1
3429 2386 1
5219 2387 1
5219 2388 1
3286 2389 1
3562 2391 1
5156 2394 1
3339 2396 1
2934 2397 1
2473 2401 1
2683 2402 1
3062 2402 1
2683 2403 1
2683 2404 1
2683 2405 1
2683 2406 1
2683 2407 1
2683 2408 1
2683 2409 1
2848 2410 1
2849 2410 1
3440 2410 1
3638 2411 1
4727 2412 1
3638 2413 1
2849 2414 1
3440 2414 1
2533 2415 1
2416 2472 1
2416 2567 1
2416 2747 1
2416 3555 1
2416 3557 1
2416 3680 1
2416 4055 1
2416 4413 1
2416 4534 1
2417 2472 1
2417 2556 1
2417 2563 1
2417 2564 1
2417 2575 1
2417 2576 1
2417 2578 1
2417 2579 1
2417 2580 1
2417 2582 1
2417 2583 1
2417 2866 1
2417 2991 1
2417 3320 1
2417 3321 1
2417 3322 1
2417 3325 1
2417 3326 1
2417 3328 1
2417 3555 1
2417 4036 1
2417 4037 1
2417 4057 1
2417 4262 1
2417 4315 1
2417 4434 1
2417 4564 1
2417 4569 1
2417 4598 1
2417 4993 1
2417 5017 1
2417 5018 1
2417 5274 1
2417 5296 1
2494 2418 1
3335 2419 1
2933 2420 1
2934 2420 1
2421 2425 1
2421 3056 1
2421 3283 1
2421 4113 1
2421 4796 1
2421 4878 1
2933 2422 1
2934 2422 1
3719 2430 1
2431 3599 1
2431 5041 1
2431 5171 1
2431 5221 1
4918 2435 1
5219 2442 1
3286 2444 1
3287 2444 1
4931 2445 1
4795 2446 1
3448 2447 1
3449 2447 1
3440 2449 1
3287 2450 1
2933 2451 1
2933 2452 1
2455 2453 1
2455 2454 1
2455 3000 1
2455 3174 1
2455 3264 1
2455 3445 1
2455 4020 1
2455 4518 1
2473 2459 1
3061 2461 1
3973 2461 1
3287 2462 1
4623 2463 1
3061 2464 1
3638 2465 1
4452 2465 1
2980 2466 1
3440 2468 1
3287 2469 1
3167 2470 1
2848 2471 1
2849 2471 1
3440 2471 1
2473 2529 1
2473 2530 1
2473 3139 1
2473 3141 1
2473 3145 1
2473 3146 1
2473 3149 1
2473 3150 1
2473 3153 1
2473 3225 1
2473 3227 1
2473 3887 1
2473 3942 1
2473 3943 1
2473 3944 1
2473 4050 1
2473 4541 1
2473 4558 1
2473 4559 1
2473 4902 1
2473 4903 1
2473 4936 1
3174 2477 1
4146 2479 1
3174 2480 1
3174 2481 1
3448 2482 1
3449 2482 1
2848 2483 1
2849 2483 1
3440 2483 1
2494 2484 1
2933 2484 1
2934 2484 1
2848 2486 1
2849 2486 1
3440 2486 1
2848 2487 1
2849 2487 1
3440 2487 1
2577 2488 1
3638 2489 1
4318 2489 1
4318 2490 1
4908 2491 1
3210 2492 1
4452 2493 1
2494 2548 1
2763 2494 1
2494 3134 1
2494 3172 1
2494 3249 1
2494 3268 1
2494 3911 1
2494 3912 1
2494 4603 1
2494 4993 1
2494 4994 1
2494 4995 1
2494 4996 1
2494 4997 1
2494 5002 1
2494 5003 1
2494 5009 1
2494 5028 1
2494 5277 1
2494 5279 1
4146 2495 1
4697 2496 1
3210 2497 1
4452 2497 1
3440 2498 1
3638 2499 1
4976 2499 1
3210 2500 1
3638 2501 1
4648 2501 1
3440 2502 1
4615 2502 1
2763 2505 1
4452 2507 1
2849 2508 1
3989 2510 1
2511 2609 1
4194 2518 1
4146 2521 1
3062 2522 1
3174 2523 1
3806 2524 1
5105 2524 1
3174 2525 1
3719 2527 1
3440 2529 1
3210 2532 1
2533 2651 1
2533 2699 1
2533 2744 1
2533 3383 1
2533 3563 1
2533 3851 1
2533 3852 1
2533 4171 1
2533 4176 1
2533 4332 1
2533 4874 1
2533 4875 1
2533 5103 1
2533 5136 1
2533 5229 1
2533 5300 1
2535 2534 1
3638 2536 1
3638 2537 1
2979 2539 1
2980 2539 1
2933 2541 1
2934 2541 1
3061 2541 1
3062 2541 1
3339 2544 1
3539 2546 1
3817 2548 1
5170 2548 1
3062 2549 1
3660 2549 1
3061 2550 1
3062 2550 1
3061 2551 1
3175 2552 1
4798 2553 1
2555 2554 1
4724 2554 1
2555 3718 1
2555 4276 1
2555 4547 1
2555 4599 1
3638 2556 1
2556 4029 1
2556 5132 1
3166 2558 1
4452 2560 1
4976 2561 1
4832 2562 1
5145 2562 1
2933 2564 1
2979 2565 1
2980 2565 1
3210 2566 1
3440 2567 1
4486 2568 1
2571 2570 1
2571 2572 1
3638 2572 1
2573 3986 1
2573 4750 1
2573 5224 1
2573 5225 1
2577 2578 1
2577 2922 1
3286 2577 1
3287 2577 1
3440 2577 1
2979 2584 1
3972 2584 1
4145 2584 1
2585 3710 1
2585 3926 1
2585 5049 1
2585 5321 1
2589 2587 1
2979 2587 1
2980 2587 1
2589 2588 1
2589 3113 1
2979 2591 1
3449 2592 1
3210 2593 1
2933 2594 1
2934 2594 1
2933 2595 1
2934 2595 1
2935 2596 1
4598 2597 1
3245 2598 1
4598 2599 1
4908 2600 1
3335 2602 1
4908 2602 1
3335 2604 1
2979 2606 1
2607 2726 1
2610 3591 1
2693 2611 1
3448 2611 1
4145 2612 1
2614 2616 1
2614 3615 1
2682 2617 1
4434 2617 1
2979 2619 1
2980 2619 1
2933 2620 1
2623 2624 1
2623 3221 1
2623 3306 1
2623 3377 1
2623 4064 1
2623 4375 1
2623 4569 1
2623 4624 1
2623 4666 1
2623 4829 1
3638 2624 1
3286 2625 1
2848 2626 1
3440 2626 1
2633 2628 1
3167 2629 1
2633 2700 1
2633 3088 1
2633 3535 1
2633 3560 1
2633 3890 1
2633 3990 1
2633 4238 1
2633 4893 1
2633 5134 1
2633 5230 1
2849 2634 1
3818 2634 1
3972 2635 1
3027 2636 1
3638 2637 1
2934 2640 1
2643 2642 1
2643 2906 1
3304 2647 1
3304 2648 1
3304 2649 1
3304 2650 1
4468 2652 1
3972 2653 1
3973 2653 1
3167 2655 1
3095 2658 1
3441 2659 1
4145 2659 1
3449 2661 1
5156 2663 1
2664 2735 1
2664 3469 1
2664 3657 1
2665 3381 1
2943 2667 1
3090 2668 1
4914 2672 1
3448 2673 1
3863 2673 1
4697 2674 1
3449 2675 1
5221 2676 1
3386 2681 1
2682 3954 1
2682 4744 1
2682 5306 1
2683 2856 1
2683 4781 1
2683 4961 1
2683 4962 1
2683 5069 1
2683 5070 1
2683 5281 1
2683 5309 1
3109 2684 1
3109 2685 1
2686 5202 1
4662 2687 1
3700 2689 1
3448 2690 1
3095 2691 1
4356 2692 1
2693 3572 1
2693 4244 1
3095 2694 1
2988 2697 1
4468 2702 1
2933 2703 1
2934 2703 1
4710 2704 1
4727 2705 1
5219 2707 1
2711 3421 1
2711 4159 1
2711 4421 1
2711 4531 1
3109 2713 1
2723 2714 1
3638 2715 1
3286 2719 1
5219 2720 1
3777 2722 1
2723 3330 1
4305 2723 1
2723 5160 1
3700 2727 1
4793 2729 1
2731 2972 1
3972 2731 1
3972 2732 1
3817 2735 1
3976 2736 1
4468 2737 1
4356 2739 1
5219 2739 1
3638 2740 1
5219 2742 1
3202 2743 1
4146 2745 1
2745 4435 1
2745 4838 1
3448 2746 1
3449 2746 1
3286 2749 1
3061 2750 1
3062 2750 1
2751 3768 1
3061 2754 1
3448 2755 1
3449 2755 1
2849 2760 1
2763 2885 1
2763 2937 1
2763 3250 1
2763 3268 1
2763 3333 1
2763 3443 1
2763 3541 1
2763 3546 1
2763 3558 1
2763 3900 1
2763 3968 1
2763 4074 1
2763 4075 1
2763 4243 1
2763 4414 1
2763 4460 1
2763 4461 1
2763 4462 1
2763 4551 1
2763 4563 1
2763 4565 1
2763 4566 1
2763 4567 1
2763 4904 1
2763 4992 1
2763 4993 1
2763 4994 1
2763 4995 1
2763 4996 1
2763 5109 1
2763 5255 1
2763 5277 1
2763 5278 1
2763 5279 1
2763 5280 1
2935 2765 1
4822 2767 1
4509 2768 1
4146 2769 1
2774 2772 1
2979 2772 1
2980 2772 1
2774 2773 1
4775 2774 1
4662 2779 1
3539 2780 1
2822 2781 1
4146 2781 1
4509 2782 1
3286 2786 1
2787 3024 1
2787 3427 1
2787 4004 1
2787 4479 1
3095 2790 1
3972 2792 1
2933 2794 1
5219 2796 1
3638 2797 1
5219 2798 1
5219 2799 1
3574 2802 1
5219 2803 1
3972 2807 1
3613 2808 1
3638 2809 1
3095 2810 1
2814 3804 1
3335 2815 1
3637 2815 1
5219 2816 1
3095 2817 1
4908 2818 1
2848 2822 1
2822 4017 1
3095 2827 1
4146 2828 1
3574 2830 1
5219 2830 1
2980 2832 1
3124 2839 1
2908 2840 1
2908 2844 1
3287 2845 1
4724 2845 1
3286 2846 1
2848 2927 1
2848 3028 1
2848 3075 1
2848 3078 1
2848 3196 1
2848 3235 1
2848 3351 1
2848 3361 1
2848 3501 1
2848 3607 1
2848 3620 1
2848 3754 1
2848 3759 1
2848 3833 1
2848 3849 1
2848 3856 1
2848 3859 1
2848 3891 1
2848 3930 1
2848 4002 1
2848 4003 1
2848 4211 1
2848 4225 1
2848 4308 1
2848 4463 1
2848 4593 1
2848 4612 1
2848 4679 1
2848 4756 1
2848 4767 1
2848 4781 1
2848 4833 1
2848 4845 1
2848 4846 1
2848 4911 1
2848 5088 1
2848 5094 1
2848 5095 1
2848 5249 1
2848 5327 1
2848 5330 1
2848 5334 1
2848 5336 1
2848 5341 1
2848 5344 1
2849 2880 1
2849 3039 1
2849 3085 1
2849 3234 1
2849 3257 1
2849 3260 1
2849 3351 1
2849 3361 1
2849 3566 1
2849 3607 1
2849 3754 1
2849 3759 1
2849 3760 1
2849 3809 1
2849 3849 1
2849 3859 1
2849 4122 1
2849 4211 1
2849 4308 1
2849 4391 1
2849 4393 1
2849 4463 1
2849 4480 1
2849 4592 1
2849 4593 1
2849 4612 1
2849 4777 1
2849 4833 1
2849 4846 1
2849 5033 1
2849 5038 1
2849 5071 1
2849 5087 1
2849 5090 1
2849 5091 1
2849 5093 1
2849 5094 1
2849 5095 1
2849 5131 1
2849 5285 1
2849 5327 1
2849 5334 1
3448 2851 1
3449 2852 1
3448 2853 1
3613 2853 1
4316 2853 1
3448 2854 1
2857 2858 1
3474 2857 1
3061 2860 1
3451 2861 1
3061 2862 1
5219 2863 1
3061 2864 1
3062 2864 1
3079 2865 1
3095 2867 1
3174 2868 1
3448 2868 1
2943 2869 1
2933 2870 1
2934 2870 1
3286 2870 1
3386 2871 1
2933 2872 1
3286 2872 1
3287 2872 1
2875 2874 1
3062 2875 1
4736 2877 1
4838 2877 1
3124 2878 1
3167 2879 1
3062 2880 1
4964 2881 1
5259 2881 1
4908 2882 1
4043 2884 1
2979 2886 1
3638 2892 1
3335 2893 1
4908 2894 1
3448 2896 1
2979 2897 1
2980 2897 1
3335 2899 1
2899 4678 1
2899 5246 1
2934 2901 1
3638 2904 1
2908 2906 1
2908 2907 1
2908 2998 1
2908 3005 1
3062 2908 1
2908 3076 1
2908 3592 1
2908 3884 1
2908 3949 1
2908 3975 1
2908 4215 1
2908 4467 1
2908 4535 1
2908 4774 1
4736 2911 1
2980 2914 1
2934 2916 1
2934 2918 1
2941 2919 1
2934 2921 1
3448 2923 1
3863 2923 1
4145 2924 1
3335 2930 1
4949 2931 1
3386 2932 1
4896 2932 1
2933 3073 1
2933 3118 1
2933 3120 1
2933 3127 1
2933 3271 1
2933 3277 1
2933 3311 1
2933 3352 1
2933 3454 1
2933 3473 1
2933 3592 1
2933 3618 1
2933 3628 1
2933 3697 1
2933 3707 1
2933 3996 1
2933 4022 1
2933 4025 1
2933 4039 1
2933 4053 1
2933 4077 1
2933 4080 1
2933 4081 1
2933 4104 1
2933 4157 1
2933 4164 1
2933 4173 1
2933 4405 1
2933 4516 1
2933 4521 1
2933 4725 1
2933 4815 1
2933 5002 1
2933 5005 1
2933 5017 1
2933 5048 1
2933 5099 1
2933 5103 1
2933 5142 1
2933 5152 1
5156 2933 1
2933 5185 1
2933 5190 1
2933 5197 1
2933 5236 1
2934 2936 1
2934 3019 1
2934 3073 1
2934 3144 1
2934 3311 1
2934 3377 1
2934 3492 1
2934 3527 1
2934 3551 1
2934 3603 1
2934 3626 1
2934 3738 1
2934 3811 1
2934 3949 1
2934 3957 1
2934 3996 1
2934 4013 1
2934 4022 1
2934 4053 1
2934 4077 1
2934 4081 1
2934 4104 1
2934 4157 1
2934 4365 1
2934 4398 1
2934 4574 1
2934 4633 1
2934 4639 1
2934 4643 1
2934 4800 1
2934 4803 1
2934 4871 1
2934 4889 1
2934 5030 1
2934 5100 1
2934 5142 1
2934 5197 1
2934 5306 1
2935 3306 1
2935 3323 1
2935 4046 1
2935 4642 1
2935 4784 1
4799 2936 1
5170 2936 1
5170 2937 1
2939 2938 1
2939 4099 1
2939 4919 1
3095 2940 1
2941 3059 1
2941 3583 1
2941 3588 1
2941 3601 1
2941 5114 1
2941 5115 1
2941 5237 1
2943 3097 1
2943 3381 1
2943 3532 1
2943 3585 1
2943 3974 1
2943 4216 1
2943 4481 1
2943 4695 1
2943 5181 1
3286 2944 1
2949 2948 1
2949 4803 1
2949 4825 1
2949 4863 1
5156 2952 1
2953 3801 1
2953 4703 1
3286 2955 1
3972 2959 1
3448 2960 1
3062 2964 1
4806 2966 1
3061 2967 1
3449 2970 1
3724 2970 1
5219 2973 1
3440 2974 1
5203 2975 1
5221 2975 1
4277 2976 1
5219 2977 1
3095 2978 1
2979 2991 1
2979 2994 1
2979 3019 1
2979 3130 1
2979 3195 1
2979 3482 1
2979 3525 1
2979 3526 1
2979 3530 1
2979 3565 1
2979 3580 1
2979 3644 1
2979 3677 1
2979 3937 1
2979 4014 1
2979 4022 1
2979 4023 1
2979 4059 1
2979 4060 1
2979 4063 1
2979 4241 1
2979 4242 1
2979 4251 1
2979 4268 1
2979 4326 1
2979 4327 1
2979 4328 1
2979 4330 1
2979 4333 1
2979 4352 1
2979 4480 1
2979 4501 1
2979 4502 1
2979 4503 1
2979 4528 1
2979 4533 1
2979 4641 1
2979 4668 1
2979 4716 1
2979 4718 1
2979 4921 1
2979 4939 1
2979 5064 1
2979 5075 1
2979 5287 1
2980 2991 1
2980 2994 1
2980 3019 1
2980 3317 1
2980 3387 1
2980 3482 1
2980 3525 1
2980 3526 1
2980 3530 1
2980 3646 1
2980 3681 1
2980 3768 1
2980 3874 1
2980 4022 1
2980 4060 1
2980 4063 1
2980 4189 1
2980 4222 1
2980 4241 1
2980 4251 1
2980 4268 1
2980 4326 1
2980 4327 1
2980 4328 1
2980 4329 1
2980 4459 1
2980 4474 1
2980 4501 1
2980 4542 1
2980 4627 1
2980 4641 1
2980 4668 1
2980 4921 1
2980 4939 1
2980 5064 1
2980 5152 1
3449 2983 1
3448 2986 1
2988 4652 1
2988 4872 1
3095 2989 1
3286 2992 1
3124 2993 1
3816 2996 1
3806 2998 1
4277 3004 1
3124 3005 1
3972 3008 1
3973 3008 1
3972 3009 1
3973 3009 1
3440 3010 1
5051 3010 1
3287 3012 1
3420 3013 1
4165 3013 1
3015 3155 1
3015 3573 1
3448 3017 1
3287 3018 1
4896 3021 1
3453 3022 1
3429 3025 1
3026 5228 1
3027 3264 1
3027 3285 1
3440 3028 1
3335 3029 1
3574 3032 1
4043 3037 1
4146 3037 1
3095 3038 1
3449 3040 1
5219 3046 1
3095 3049 1
3050 3658 1
3050 3766 1
3050 4103 1
3050 4753 1
3050 4755 1
5156 3050 1
3051 3250 1
3051 3252 1
3051 3521 1
3051 3662 1
3051 4427 1
3051 4671 1
3051 4672 1
3051 4673 1
3051 4753 1
3051 4755 1
4793 3057 1
3061 3058 1
3062 3059 1
3060 3111 1
3060 3114 1
3060 3310 1
3060 3816 1
3060 4529 1
3060 5177 1
3061 3215 1
3061 3236 1
3061 3237 1
3061 3238 1
3061 3239 1
3061 3240 1
3061 3245 1
3061 3265 1
3061 3266 1
3061 3292 1
3061 3294 1
3061 3295 1
3061 3380 1
3061 3462 1
3061 3480 1
3061 3491 1
3061 3564 1
3061 3565 1
3061 3660 1
3061 3726 1
3061 3796 1
3061 3993 1
3061 4041 1
3061 4145 1
3061 4161 1
3061 4205 1
3061 4240 1
3061 4369 1
3061 4370 1
3061 4398 1
3061 4400 1
3061 4401 1
3061 4408 1
3061 4451 1
3061 4471 1
3061 4497 1
3061 4580 1
3061 4646 1
3061 4650 1
3061 4667 1
3061 4669 1
3061 4670 1
3061 4674 1
3061 4752 1
3061 4843 1
3061 4853 1
3061 4901 1
3061 4997 1
3061 5072 1
3061 5112 1
3061 5123 1
3061 5147 1
3061 5148 1
3061 5150 1
3061 5292 1
3062 3237 1
3062 3238 1
3062 3239 1
3062 3240 1
3062 3245 1
3062 3265 1
3062 3275 1
3062 3292 1
3062 3294 1
3062 3295 1
3062 3380 1
3062 3579 1
3062 3589 1
3062 3703 1
3062 3904 1
3062 3924 1
3062 3958 1
3062 3959 1
3062 4036 1
3062 4145 1
3062 4161 1
3062 4164 1
3062 4232 1
3062 4240 1
3062 4319 1
3062 4320 1
3062 4399 1
3062 4408 1
3062 4497 1
3062 4534 1
3062 4535 1
3062 4563 1
3062 4651 1
3062 4667 1
3062 4669 1
3062 4670 1
3062 4674 1
3062 4726 1
3062 4751 1
3062 4752 1
3062 4754 1
3062 4780 1
3062 4824 1
3062 4899 1
3062 4900 1
3062 4906 1
3062 4916 1
3062 4936 1
3062 4959 1
3062 4981 1
3062 5039 1
3062 5056 1
3062 5148 1
3062 5221 1
3062 5260 1
3448 3063 1
3064 4239 1
4697 3065 1
4202 3066 1
3386 3067 1
5328 3069 1
3070 3409 1
3070 3702 1
3070 4759 1
3070 4769 1
3440 3074 1
3174 3078 1
3095 3082 1
3613 3083 1
4357 3084 1
4145 3087 1
3972 3090 1
4015 3090 1
3286 3091 1
3095 3123 1
3095 3297 1
3095 3343 1
3095 3369 1
3095 3398 1
3095 3412 1
3095 3450 1
3095 3461 1
3095 3467 1
3095 3472 1
3095 3625 1
3095 3687 1
3095 3746 1
3095 3812 1
3095 3981 1
3095 3987 1
3095 4010 1
3095 4071 1
3095 4072 1
3095 4115 1
3095 4149 1
3095 4187 1
3095 4217 1
3095 4294 1
3095 4421 1
3095 4438 1
3095 4496 1
3095 4499 1
3095 4505 1
3095 4514 1
3095 4525 1
3095 4546 1
3095 4700 1
3095 4734 1
3095 4744 1
3095 4745 1
3095 4778 1
3095 4804 1
3095 4809 1
3095 4854 1
3095 4883 1
3095 4885 1
3124 3099 1
4318 3100 1
3286 3101 1
5219 3102 1
3875 3106 1
5219 3110 1
3111 3357 1
3167 3115 1
4139 3116 1
3117 3460 1
4795 3117 1
5221 3119 1
3124 3245 1
3124 3905 1
3124 3909 1
3124 4126 1
3124 4558 1
3124 4559 1
3124 4589 1
3124 4649 1
3124 4658 1
3124 4660 1
3124 4842 1
3124 5034 1
3402 3126 1
3972 3127 1
3973 3127 1
3972 3128 1
3973 3128 1
3287 3129 1
3133 3859 1
4043 3136 1
4855 3148 1
3638 3163 1
3166 3165 1
3638 3166 1
3449 3167 1
3167 3455 1
3167 3490 1
3167 3656 1
3167 3672 1
3167 3851 1
3167 3894 1
3167 3896 1
3167 3899 1
3167 3962 1
3167 4045 1
3167 4379 1
3167 4473 1
3167 4837 1
3167 4913 1
3167 5172 1
3167 5252 1
4244 3169 1
4244 3170 1
3171 3172 1
3171 3600 1
3171 4306 1
3209 3173 1
4603 3173 1
3174 3263 1
3174 3648 1
3174 4151 1
3174 4623 1
3174 4654 1
3174 4946 1
3174 5292 1
3174 5293 1
3175 4432 1
4486 3179 1
4486 3180 1
4486 3181 1
4486 3182 1
4486 3183 1
4486 3184 1
4486 3185 1
4486 3186 1
3191 3187 1
4864 3187 1
3191 3188 1
4864 3188 1
3191 3189 1
4864 3189 1
3191 3190 1
4864 3190 1
4908 3190 1
3191 4354 1
4864 3191 1
4976 3191 1
3210 3193 1
3972 3194 1
4964 3194 1
4145 3195 1
4964 3197 1
4964 3198 1
4964 3201 1
4976 3201 1
3202 3522 1
3202 3883 1
3202 4061 1
3202 4454 1
3202 5040 1
3210 3203 1
3972 3203 1
3973 3203 1
3920 3204 1
3972 3205 1
3973 3205 1
4964 3207 1
3209 3208 1
3210 3212 1
3210 3297 1
3210 3497 1
3210 3498 1
3210 3678 1
3210 3913 1
3210 3914 1
3210 3919 1
3210 3941 1
3210 4193 1
3210 4573 1
3210 4604 1
3210 4608 1
3210 4610 1
3210 4611 1
3210 4620 1
3210 4681 1
3210 4950 1
3210 4954 1
3210 4969 1
3210 4971 1
3210 4988 1
3210 5043 1
3210 5062 1
3210 5063 1
3210 5107 1
3210 5111 1
3210 5247 1
3210 5303 1
3210 5337 1
4452 3213 1
3448 3214 1
3449 3214 1
3227 3216 1
3449 3217 1
4976 3218 1
3522 3220 1
3638 3222 1
4976 3222 1
4908 3223 1
3335 3224 1
3227 3226 1
3227 3228 1
3227 4510 1
3227 4557 1
3448 3229 1
3339 3230 1
3339 3231 1
4914 3232 1
3638 3233 1
3440 3234 1
3286 3244 1
3286 3245 1
3335 3249 1
3335 3250 1
3254 3255 1
3638 3255 1
3448 3256 1
4598 3256 1
3638 3258 1
4697 3262 1
3441 3267 1
4015 3269 1
3271 3270 1
3271 3272 1
3271 4475 1
3449 3272 1
3272 3886 1
4486 3272 1
3275 3509 1
3275 4058 1
4356 3278 1
4736 3278 1
3287 3280 1
3286 3288 1
3286 3319 1
3286 3371 1
3286 3478 1
3286 3521 1
3286 3610 1
3286 3716 1
3286 3767 1
3286 3807 1
3286 3823 1
3286 3840 1
3286 3862 1
3286 3978 1
3286 4028 1
3286 4265 1
3286 4282 1
3286 4490 1
3286 4539 1
3286 4638 1
3286 4640 1
3286 4669 1
3286 4691 1
3286 4696 1
3286 4807 1
3286 4814 1
3286 4845 1
3286 4873 1
3286 4899 1
3286 5096 1
3286 5220 1
3286 5222 1
3286 5289 1
3287 3365 1
3287 3379 1
3287 3438 1
3287 3439 1
3287 3506 1
3287 3529 1
3287 3537 1
3287 3616 1
3287 3976 1
3287 4117 1
3287 4137 1
3287 4138 1
3287 4145 1
3287 4204 1
3287 4233 1
3287 4282 1
3287 4310 1
3287 4317 1
3287 4350 1
3287 4351 1
3287 4407 1
3287 4511 1
3287 4515 1
3287 4594 1
3287 4595 1
3287 4621 1
3287 4640 1
3287 4673 1
3287 4691 1
3287 4807 1
3287 4820 1
3287 4821 1
3287 4822 1
3287 4873 1
3287 5010 1
3287 5011 1
3287 5016 1
3287 5022 1
3287 5024 1
3287 5042 1
3287 5093 1
3287 5151 1
3287 5220 1
3287 5288 1
3287 5289 1
3287 5311 1
3287 5330 1
3287 5341 1
4318 3292 1
4990 3292 1
3972 3296 1
4356 3301 1
3304 3999 1
3304 5131 1
3335 3305 1
4727 3308 1
3315 3345 1
4277 3316 1
3448 3317 1
3448 3319 1
3449 3319 1
3335 3320 1
3335 3321 1
3335 3322 1
5014 3324 1
3973 3325 1
3327 3783 1
3449 3332 1
3335 3594 1
3335 3653 1
3335 4035 1
3335 4054 1
3335 4079 1
3335 4338 1
3335 4345 1
3335 4437 1
3335 4445 1
3335 4465 1
3335 4527 1
3335 4543 1
3335 4578 1
3335 4584 1
3335 4597 1
3335 4601 1
3335 4702 1
3335 4841 1
3335 4842 1
3335 4843 1
3335 4850 1
3335 5055 1
3335 5072 1
3335 5078 1
3335 5110 1
3335 5117 1
3335 5277 1
3335 5278 1
3335 5279 1
3335 5280 1
3335 5296 1
3335 5309 1
3335 5319 1
3339 4027 1
3339 4404 1
3339 4640 1
3339 5075 1
3339 5146 1
3339 5204 1
3963 3342 1
3344 3846 1
3440 3349 1
4356 3353 1
4914 3356 1
4822 3360 1
3440 3361 1
4277 3364 1
3465 3367 1
3638 3368 1
5219 3372 1
3449 3374 1
4736 3374 1
3449 3375 1
3377 3888 1
3377 3910 1
3377 4596 1
5219 3384 1
3386 3633 1
3386 4144 1
3386 4629 1
3386 4821 1
3386 4897 1
3386 5149 1
4908 3387 1
4908 3388 1
5219 3389 1
3393 3407 1
3393 4076 1
3393 4089 1
3393 4811 1
4244 3395 1
3396 4485 1
4356 3397 1
4305 3399 1
3973 3400 1
4793 3401 1
3448 3402 1
3402 3726 1
3402 3940 1
3420 3403 1
3989 3404 1
3405 3450 1
3405 3548 1
4793 3407 1
5145 3410 1
4146 3414 1
4931 3419 1
3420 3607 1
3420 3773 1
3420 4128 1
3420 4278 1
3420 4789 1
3420 5212 1
4914 3423 1
3441 3425 1
5219 3426 1
3448 3428 1
3429 3769 1
3429 4170 1
4798 3434 1
5219 3435 1
3440 3503 1
3440 3534 1
3440 3607 1
3440 3620 1
3440 3621 1
3440 3754 1
3440 3782 1
3440 3809 1
3440 3849 1
3440 3859 1
3440 3930 1
3440 3998 1
3440 4003 1
3440 4211 1
3440 4308 1
3440 4327 1
3440 4426 1
3440 4463 1
3440 4592 1
3440 4593 1
3440 4612 1
3440 4637 1
3440 4767 1
3440 4833 1
3440 4846 1
3440 4849 1
3440 4902 1
3440 4936 1
3440 5031 1
3440 5070 1
3440 5087 1
3440 5091 1
3440 5093 1
3440 5094 1
3440 5095 1
3440 5096 1
3440 5097 1
3440 5098 1
3440 5099 1
3440 5131 1
3440 5258 1
3440 5344 1
3441 3464 1
3448 3481 1
3448 3524 1
3448 3527 1
3448 3542 1
3448 3543 1
3448 3547 1
3448 3584 1
3448 3585 1
3448 3635 1
3448 3665 1
3448 3728 1
3448 3731 1
3448 3778 1
3448 3822 1
3448 3863 1
3448 3907 1
3448 4004 1
3448 4027 1
3448 4056 1
3448 4079 1
3448 4128 1
3448 4129 1
3448 4131 1
3448 4133 1
3448 4134 1
3448 4139 1
3448 4254 1
3448 4261 1
3448 4292 1
3448 4316 1
3448 4341 1
3448 4383 1
3448 4418 1
3448 4431 1
3448 4507 1
3448 4513 1
3448 4561 1
3448 4570 1
3448 4574 1
3448 4576 1
3448 4581 1
3448 4638 1
3448 4688 1
3448 4693 1
3448 4714 1
3448 4715 1
3448 4729 1
3448 4747 1
3448 4748 1
3448 5052 1
3448 5196 1
3448 5271 1
3448 5327 1
3448 5343 1
3449 3480 1
3449 3492 1
3449 3499 1
3449 3527 1
3449 3540 1
3449 3542 1
3449 3543 1
3449 3560 1
3449 3595 1
3449 3596 1
3449 3597 1
3449 3662 1
3449 3665 1
3449 3684 1
3449 3728 1
3449 3731 1
3449 3763 1
3449 3869 1
3449 3906 1
3449 3921 1
3449 4105 1
3449 4129 1
3449 4131 1
3449 4133 1
3449 4168 1
3449 4292 1
3449 4295 1
3449 4300 1
3449 4412 1
3449 4647 1
3449 4684 1
3449 4686 1
3449 4693 1
3449 4694 1
3449 4714 1
3449 4715 1
3449 4717 1
3449 4747 1
3449 4786 1
3449 4944 1
3449 5049 1
3449 5069 1
3449 5070 1
3449 5175 1
3449 5231 1
3449 5267 1
3449 5268 1
3449 5269 1
3449 5327 1
3451 3470 1
3451 3639 1
3451 3861 1
3451 4737 1
3453 3590 1
3453 3602 1
4356 3457 1
4277 3459 1
3459 4869 1
4145 3460 1
3613 3463 1
3465 3836 1
3465 4357 1
4806 3466 1
3863 3468 1
4356 3471 1
3474 4083 1
3475 3802 1
3475 4266 1
3638 3486 1
3637 3488 1
4976 3489 1
4452 3497 1
4452 3498 1
3972 3499 1
3972 3500 1
3973 3500 1
3972 3501 1
4485 3501 1
3972 3508 1
4908 3510 1
3510 5087 1
4356 3513 1
3562 3518 1
3522 3520 1
3522 3523 1
3522 4376 1
3524 3523 1
4468 3528 1
4896 3528 1
4819 3531 1
4711 3533 1
4454 3535 1
3539 3538 1
3638 3539 1
3539 3953 1
3539 4062 1
3539 4177 1
3539 4409 1
3539 4456 1
3539 4698 1
3539 4817 1
3539 5057 1
3539 5184 1
3545 3544 1
4145 3546 1
4165 3549 1
4798 3550 1
4819 3552 1
4146 3553 1
3613 3554 1
4949 3556 1
4710 3557 1
3989 3561 1
3972 3568 1
4697 3569 1
4509 3573 1
3574 3686 1
3574 4816 1
4357 3575 1
4356 3576 1
4362 3577 1
3879 3581 1
4318 3582 1
3972 3584 1
3973 3584 1
3863 3585 1
3972 3586 1
3836 3596 1
3836 3597 1
3863 3605 1
3613 3863 1
3613 3946 1
3613 3947 1
3613 3989 1
3613 4094 1
3613 4419 1
3613 5178 1
3613 5233 1
3972 3614 1
4146 3629 1
5219 3632 1
3972 3634 1
3637 3695 1
3637 3708 1
3637 4027 1
3637 4044 1
3637 4075 1
3637 4230 1
3637 5188 1
3637 5241 1
3637 5242 1
3637 5250 1
3638 3641 1
3638 3642 1
3638 3666 1
3638 3668 1
3638 3908 1
3638 3935 1
3638 3936 1
3638 3952 1
3638 4026 1
3638 4109 1
3638 4334 1
3638 4446 1
3638 4447 1
3638 4454 1
3638 4464 1
3638 4498 1
3638 4625 1
3638 4626 1
3638 4791 1
3638 4947 1
3638 4948 1
3638 4976 1
3638 4984 1
3638 4985 1
3638 4986 1
3638 5008 1
3638 5032 1
3638 5080 1
3638 5085 1
3638 5120 1
3638 5243 1
3638 5253 1
3638 5315 1
3638 5325 1
4145 3639 1
3817 3653 1
4335 3659 1
3659 4653 1
3660 3661 1
3660 3662 1
4603 3664 1
4458 3666 1
4466 3667 1
4798 3674 1
4799 3674 1
4452 3678 1
4172 3683 1
3688 4154 1
3972 3689 1
3976 3691 1
4719 3694 1
3700 4135 1
3700 4606 1
3700 5283 1
5221 3705 1
4318 3706 1
4145 3710 1
3735 3711 1
5219 3711 1
4244 3712 1
4468 3712 1
4244 3713 1
4468 3713 1
5219 3714 1
4429 3716 1
4662 3725 1
3973 3730 1
5199 3731 1
4740 3736 1
5219 3737 1
4458 3738 1
3739 4283 1
5219 3741 1
5219 3747 1
4165 3757 1
3777 3758 1
5219 3762 1
5259 3767 1
3769 4314 1
3777 3982 1
3972 3779 1
4414 3782 1
4806 3782 1
3973 3799 1
4908 3806 1
3931 3808 1
4648 3808 1
3972 3810 1
4145 3811 1
4719 3813 1
5219 3814 1
3817 4011 1
3817 4062 1
3817 4677 1
4146 3820 1
3863 3822 1
4145 3823 1
4819 3824 1
4795 3825 1
5219 3827 1
5219 3829 1
4727 3835 1
5219 3839 1
4530 3841 1
4798 3843 1
5127 3847 1
5221 3848 1
4615 3850 1
3973 3856 1
4145 3856 1
4914 3857 1
3860 3993 1
3860 4400 1
3863 4481 1
3863 4695 1
3863 4729 1
3863 5165 1
3863 5238 1
3871 3923 1
3879 3880 1
3879 4300 1
3879 4630 1
3879 5174 1
4603 3883 1
5259 3885 1
4194 3892 1
5254 3892 1
4043 3893 1
4697 3897 1
4697 3898 1
4318 3903 1
4145 3904 1
4318 3904 1
4799 3912 1
4452 3913 1
5203 3915 1
3918 3920 1
4832 3924 1
5342 3928 1
3931 3929 1
3931 3930 1
4452 3941 1
3972 3945 1
4710 3951 1
4908 3955 1
3964 4319 1
3964 4320 1
3964 4321 1
3964 4322 1
3964 4323 1
5170 3968 1
3976 3971 1
3972 3980 1
3972 4018 1
3972 4022 1
3972 4088 1
3972 4185 1
3972 4257 1
3972 4297 1
3972 4298 1
3972 4361 1
3972 4408 1
3972 4450 1
3972 4548 1
3972 4581 1
3972 4697 1
3972 4766 1
3972 4792 1
3972 4794 1
3972 5162 1
3972 5163 1
3972 5246 1
3972 5249 1
3972 5303 1
3973 3980 1
3973 4022 1
3973 4135 1
3973 4285 1
3973 4297 1
3973 4360 1
3973 4361 1
3973 4373 1
3973 4423 1
3973 4581 1
3973 4669 1
3973 4792 1
3973 4794 1
3973 4857 1
3973 4915 1
3973 5035 1
3973 5088 1
3973 5246 1
3973 5249 1
3976 4167 1
3976 4183 1
3976 4273 1
3976 4687 1
3976 4704 1
3976 4896 1
5221 3979 1
3989 4659 1
3989 4721 1
3989 4779 1
3989 4789 1
4145 3991 1
4795 4001 1
4015 4263 1
4015 4357 1
4015 4960 1
4146 4017 1
4323 4030 1
4454 4031 1
4908 4035 1
4598 4036 1
4598 4037 1
4043 4249 1
4043 4662 1
4046 4047 1
4046 4048 1
4046 4049 1
4046 5014 1
4139 4059 1
4822 4067 1
4851 4072 1
4933 4078 1
4727 4080 1
4165 4083 1
4819 4087 1
4819 4096 1
4356 4098 1
4819 4104 1
5219 4108 1
4356 4116 1
4635 4118 1
4244 4123 1
4468 4123 1
4662 4126 1
4662 4136 1
4139 4140 1
4822 4144 1
4145 4199 1
4145 4327 1
4145 4835 1
4145 4895 1
4145 5099 1
4145 5264 1
4146 4203 1
4146 4290 1
4146 4387 1
4146 4402 1
4146 4491 1
4146 4494 1
4146 4743 1
4146 4768 1
4146 4866 1
4146 5158 1
5219 4147 1
4172 4150 1
4151 4790 1
5219 4152 1
4697 4156 1
4931 4156 1
4795 4158 1
4165 5183 1
5219 4166 1
4755 4167 1
4468 4169 1
5051 4172 1
5051 4179 1
4688 4182 1
4194 4192 1
4458 4192 1
4452 4193 1
4194 4195 1
4194 4196 1
4194 4467 1
4194 4655 1
4194 4955 1
4194 4956 1
4194 4965 1
4194 4966 1
4194 4967 1
4194 4970 1
4458 4195 1
4908 4200 1
4793 4208 1
4356 4209 1
4356 4210 1
4211 4259 1
4746 4211 1
5219 4214 1
4252 4226 1
4414 4234 1
5162 4236 1
4239 4848 1
4252 4242 1
4244 4245 1
4244 4255 1
4244 4386 1
4244 4723 1
4249 4275 1
4252 5077 1
4468 4255 1
4277 4272 1
4822 4273 1
4277 4411 1
4356 4281 1
4755 4282 1
4356 4293 1
4356 4299 1
4908 4306 1
5219 4312 1
4710 4314 1
4318 4323 1
4318 4325 1
4318 4326 1
4318 4330 1
4318 4331 1
4318 4570 1
4318 4571 1
4318 4766 1
4318 4949 1
4318 4979 1
4318 4980 1
4318 4981 1
4318 5006 1
4318 5118 1
4318 5251 1
4318 5262 1
4318 5263 1
4323 4319 1
4323 4320 1
4323 4321 1
4323 4322 1
4323 4982 1
4323 4983 1
4323 4985 1
5170 4324 1
4822 4326 1
5156 4329 1
4710 4336 1
4340 4338 1
4908 4353 1
4356 4585 1
4356 4737 1
4356 4847 1
4356 4856 1
4356 5168 1
4356 5176 1
4356 5194 1
4357 4358 1
4357 4524 1
4362 5058 1
5156 4364 1
4374 4373 1
4376 4724 1
5219 4377 1
4688 4381 1
5219 4388 1
5219 4390 1
4710 4392 1
4793 4407 1
4420 5192 1
5049 4422 1
5219 4424 1
4864 4425 1
5051 4428 1
4908 4436 1
4908 4437 1
4976 4439 1
4440 4441 1
4440 4957 1
4440 4984 1
4440 5320 1
4458 4442 1
4452 4455 1
4452 4644 1
4452 4950 1
4452 5043 1
4452 5062 1
4452 5079 1
4452 5111 1
4452 5121 1
4452 5287 1
4452 5337 1
4454 4453 1
4454 4765 1
4458 4457 1
4458 4955 1
4458 4956 1
4458 4958 1
4458 4965 1
4458 4966 1
4458 4967 1
4458 4970 1
4458 5032 1
4458 5324 1
5336 4464 1
4908 4465 1
4466 4470 1
4466 5033 1
4468 4922 1
5051 4477 1
4486 4554 1
4486 4998 1
4486 5001 1
4486 5005 1
4486 5045 1
4746 4526 1
4908 4527 1
4908 4550 1
4799 4551 1
4556 4555 1
4799 4564 1
4799 4565 1
4799 4566 1
5170 4566 1
4799 4567 1
5170 4567 1
4799 4568 1
5170 4568 1
4799 4569 1
5170 4569 1
4799 4570 1
4799 4571 1
4793 4572 1
4918 4574 1
4793 4575 1
4934 4579 1
4864 4580 1
4581 4582 1
4590 4591 1
5239 4595 1
4598 4599 1
4598 4600 1
4598 4601 1
4598 4602 1
4598 4605 1
4598 5291 1
4908 4601 1
4908 4602 1
4603 5270 1
4615 4614 1
4615 4616 1
4615 4617 1
4615 4618 1
4615 4619 1
4623 4622 1
4662 4632 1
4635 4633 1
4635 4634 1
4635 4822 1
4648 4836 1
4648 5090 1
4657 4656 1
5316 4661 1
5219 4705 1
4798 4706 1
4795 4708 1
4795 4709 1
4710 5139 1
4710 5223 1
4711 4721 1
4719 4720 1
4727 4728 1
4736 4861 1
4838 4749 1
5051 4758 1
5219 4763 1
4770 4771 1
4775 4773 1
4793 5260 1
4799 5170 1
5219 4805 1
4890 4807 1
4878 4808 1
4908 4827 1
5219 4828 1
4838 4839 1
4908 4843 1
4864 4928 1
4864 4929 1
4864 5021 1
4864 5072 1
4864 5122 1
4864 5123 1
4864 5125 1
4864 5133 1
4864 5205 1
4864 5295 1
4864 5339 1
5219 4865 1
5219 4870 1
5228 4882 1
4896 4891 1
4896 4892 1
4908 4905 1
4908 4907 1
4908 4909 1
4908 4910 1
4908 4942 1
4908 5065 1
4908 5076 1
4908 5078 1
4908 5096 1
4908 5246 1
4908 5291 1
4908 5299 1
4908 5312 1
4908 5339 1
4914 4913 1
4964 4927 1
4931 4930 1
4934 4935 1
5203 4938 1
5259 4961 1
4964 4968 1
4964 5251 1
4964 5276 1
4964 5284 1
4964 5314 1
5259 4970 1
5259 4975 1
4976 4980 1
5259 4977 1
5259 4980 1
5259 4989 1
5259 4990 1
4990 5263 1
5014 5010 1
5014 5011 1
5014 5012 1
5014 5013 1
5014 5015 1
5014 5019 1
5014 5021 1
5014 5026 1
5014 5029 1
5014 5105 1
5014 5244 1
5221 5047 1
5049 5048 1
5049 5257 1
5051 5050 1
5051 5233 1
5170 5073 1
5336 5080 1
5203 5081 1
5118 5117 1
5127 5125 1
5127 5126 1
5127 5128 1
5127 5129 1
5127 5130 1
5145 5144 1
5219 5154 1
5156 5157 1
5221 5171 1
5219 5176 1
5221 5187 1
5219 5200 1
5228 5201 1
5221 5222 1
5328 5239 1
5254 5253 1
5259 5260 1
5259 5261 1
5259 5262 1
5259 5263 1
5259 5265 1
5259 5266 1
5259 5271 1
5259 5284 1
5259 5288 1
5259 5298 1
5259 5311 1
5259 5324 1
5316 5294 1
5316 5308 1
5316 5317 1
5328 5338 1
5332 5333 1
